;;sensor_resp;;;conv.sen.data;;;path_corr.;;;timestamp;
index;tick;stat;y/var;z/value;stat;y;z;x;y;z;
1;492;0;0.000000;0.000000;0;0.000000;0.000000;0.000000;0.000000;0.000000;16:29:12:204479;
2;492;0;18.000000;32.900000;-59;0.000000;0.000000;0.000000;0.000000;0.000000;16:29:12:204500;
3;492;0;19.000000;360.000000;-59;0.000000;0.000000;0.000000;0.000000;0.000000;16:29:12:204505;
4;492;0;15.000000;10.000000;-59;0.000000;0.000000;0.000000;0.000000;0.000000;16:29:12:204509;
5;492;0;12.000000;1.500000;-59;0.000000;0.000000;0.000000;0.000000;0.000000;16:29:12:204515;
6;492;0;1.000000;32777.000000;-59;0.000000;0.000000;0.000000;0.000000;0.000000;16:29:12:204520;
7;729;0;0.000000;0.000000;0;0.000000;0.000000;0.000000;0.000000;0.000000;16:29:12:441572;
8;967;0;0.000000;0.000000;0;0.000000;0.000000;0.000000;0.000000;0.000000;16:29:12:680011;
9;1232;0;0.000000;0.000000;0;0.000000;0.000000;0.000000;0.000000;0.000000;16:29:12:945115;
10;1480;0;0.000000;0.000000;0;0.000000;0.000000;0.000000;0.000000;0.000000;16:29:13:192348;
11;1734;0;0.000000;0.000000;0;0.000000;0.000000;0.000000;0.000000;0.000000;16:29:13:446489;
12;1984;0;0.000000;0.000000;0;0.000000;0.000000;0.000000;0.000000;0.000000;16:29:13:696988;
13;2247;0;0.000000;0.000000;0;0.000000;0.000000;0.000000;0.000000;0.000000;16:29:13:959433;
14;2247;0;18.000000;32.500000;-59;0.000000;0.000000;0.000000;0.000000;0.000000;16:29:13:959450;
15;2247;0;19.000000;376.000000;-59;0.000000;0.000000;0.000000;0.000000;0.000000;16:29:13:959457;
16;2247;0;1.000000;32779.000000;-59;0.000000;0.000000;0.000000;0.000000;0.000000;16:29:13:959462;
17;2490;0;0.000000;0.000000;0;0.000000;0.000000;0.000000;0.000000;0.000000;16:29:14:202699;
18;2751;0;0.000000;0.000000;0;0.000000;0.000000;0.000000;0.000000;0.000000;16:29:14:463283;
19;2997;0;-1.000000;5.000000;0;-0.010000;0.050000;0.000000;-0.010000;0.050000;16:29:14:709466;
20;3237;0;0.000000;10.000000;0;0.000000;0.100000;0.000000;-0.010000;0.150000;16:29:14:949973;
21;3492;0;0.000000;11.000000;0;0.000000;0.110000;0.000000;-0.010000;0.260000;16:29:15:204442;
22;3738;0;0.000000;5.000000;0;0.000000;0.050000;0.000000;-0.010000;0.310000;16:29:15:450830;
23;4005;0;-1.000000;5.000000;0;-0.010000;0.050000;0.000000;-0.020000;0.360000;16:29:15:717280;
24;4259;0;-1.000000;-1.000000;0;-0.010000;-0.010000;0.000000;-0.030000;0.350000;16:29:15:971243;
25;4259;0;18.000000;32.800000;-59;-0.010000;-0.010000;0.000000;0.000000;0.000000;16:29:15:971263;
26;4259;0;19.000000;380.000000;-59;-0.010000;-0.010000;0.000000;0.000000;0.000000;16:29:15:971268;
27;4512;0;0.000000;11.000000;0;0.000000;0.110000;0.000000;-0.030000;0.460000;16:29:16:224754;
28;4745;0;0.000000;5.000000;0;0.000000;0.050000;0.000000;-0.030000;0.510000;16:29:16:457815;
29;5021;0;0.000000;8.000000;0;0.000000;0.080000;0.000000;-0.030000;0.590000;16:29:16:733497;
30;5252;0;0.000000;8.000000;0;0.000000;0.080000;0.000000;-0.030000;0.670000;16:29:16:964722;
31;5513;0;0.000000;6.000000;0;0.000000;0.060000;0.000000;-0.030000;0.730000;16:29:17:225198;
32;5766;0;-2.000000;11.000000;0;-0.020000;0.110000;0.000000;-0.050000;0.840000;16:29:17:478491;
33;6007;0;0.000000;10.000000;0;0.000000;0.100000;0.000000;-0.050000;0.940000;16:29:17:719551;
34;6274;0;0.000000;15.000000;0;0.000000;0.150000;0.000000;-0.050000;1.090000;16:29:17:986882;
35;6537;0;0.000000;11.000000;0;0.000000;0.110000;0.000000;-0.050000;1.200000;16:29:18:249250;
36;6787;0;1.000000;11.000000;0;0.010000;0.110000;0.000000;-0.040000;1.310000;16:29:18:499548;
37;7020;0;0.000000;11.000000;0;0.000000;0.110000;0.000000;-0.040000;1.420000;16:29:18:732685;
38;7283;0;1.000000;8.000000;0;0.010000;0.080000;0.000000;-0.030000;1.500000;16:29:18:995179;
39;7527;0;-2.000000;5.000000;0;-0.020000;0.050000;0.000000;-0.050000;1.550000;16:29:19:239638;
40;7791;0;2.000000;1.000000;0;0.020000;0.010000;0.000000;-0.030000;1.560000;16:29:19:503109;
41;8038;0;1.000000;1.000000;0;0.010000;0.010000;0.000000;-0.020000;1.570000;16:29:19:751003;
42;8302;0;0.000000;1.000000;0;0.000000;0.010000;0.000000;-0.020000;1.580000;16:29:20:014119;
43;8302;0;18.000000;32.900000;-59;0.000000;0.010000;0.000000;0.000000;0.000000;16:29:20:014139;
44;8302;0;19.000000;374.000000;-59;0.000000;0.010000;0.000000;0.000000;0.000000;16:29:20:014144;
45;8524;0;0.000000;1.000000;0;0.000000;0.010000;0.000000;-0.020000;1.590000;16:29:20:236554;
46;8794;0;-1.000000;5.000000;0;-0.010000;0.050000;0.000000;-0.030000;1.640000;16:29:20:506268;
47;9036;0;0.000000;-1.000000;0;0.000000;-0.010000;0.000000;-0.030000;1.630000;16:29:20:748091;
48;9293;0;-2.000000;3.000000;0;-0.020000;0.030000;0.000000;-0.050000;1.660000;16:29:21:005294;
49;9545;0;-4.000000;-1.000000;0;-0.040000;-0.010000;0.000000;-0.090000;1.650000;16:29:21:257163;
50;9805;0;0.000000;0.000000;0;0.000000;0.000000;0.000000;-0.090000;1.650000;16:29:21:517164;
51;10045;0;0.000000;0.000000;0;0.000000;0.000000;0.000000;-0.090000;1.650000;16:29:21:757374;
52;10290;0;-4.000000;0.000000;0;-0.040000;0.000000;0.000000;-0.130000;1.650000;16:29:22:002925;
53;10290;0;19.000000;362.000000;-59;-0.040000;0.000000;0.000000;0.000000;0.000000;16:29:22:003016;
54;10539;0;0.000000;5.000000;0;0.000000;0.050000;0.000000;-0.130000;1.700000;16:29:22:251611;
55;10792;0;0.000000;5.000000;0;0.000000;0.050000;0.000000;-0.130000;1.750000;16:29:22:504851;
56;11056;0;0.000000;5.000000;0;0.000000;0.050000;0.000000;-0.130000;1.800000;16:29:22:768832;
57;11300;0;1.000000;0.000000;0;0.010000;0.000000;0.000000;-0.120000;1.800000;16:29:23:012848;
58;11547;0;0.000000;5.000000;0;0.000000;0.050000;0.000000;-0.120000;1.850000;16:29:23:259478;
59;11823;0;-1.000000;5.000000;0;-0.010000;0.050000;0.000000;-0.130000;1.900000;16:29:23:535469;
60;12068;0;0.000000;-3.000000;0;0.000000;-0.030000;0.000000;-0.130000;1.870000;16:29:23:780797;
61;12318;0;0.000000;3.000000;0;0.000000;0.030000;0.000000;-0.130000;1.900000;16:29:24:030314;
62;12318;0;18.000000;32.800000;-59;0.000000;0.030000;0.000000;0.000000;0.000000;16:29:24:030335;
63;12318;0;19.000000;368.000000;-59;0.000000;0.030000;0.000000;0.000000;0.000000;16:29:24:030340;
64;12568;0;-1.000000;3.000000;0;-0.010000;0.030000;0.000000;-0.140000;1.930000;16:29:24:280643;
65;12826;0;0.000000;1.000000;0;0.000000;0.010000;0.000000;-0.140000;1.940000;16:29:24:538262;
66;13068;0;-4.000000;1.000000;0;-0.040000;0.010000;0.000000;-0.180000;1.950000;16:29:24:780540;
67;13314;0;0.000000;-1.000000;0;0.000000;-0.010000;0.000000;-0.180000;1.940000;16:29:25:026862;
68;13574;0;1.000000;1.000000;0;0.010000;0.010000;0.000000;-0.170000;1.950000;16:29:25:286611;
69;13829;0;0.000000;-1.000000;0;0.000000;-0.010000;0.000000;-0.170000;1.940000;16:29:25:541451;
70;14081;0;0.000000;1.000000;0;0.000000;0.010000;0.000000;-0.170000;1.950000;16:29:25:793169;
71;14349;0;-1.000000;-5.000000;0;-0.010000;-0.050000;0.000000;-0.180000;1.900000;16:29:26:061304;
72;14349;0;18.000000;32.900000;-59;-0.010000;-0.050000;0.000000;0.000000;0.000000;16:29:26:061324;
73;14349;0;19.000000;357.000000;-59;-0.010000;-0.050000;0.000000;0.000000;0.000000;16:29:26:061331;
74;14583;0;2.000000;-5.000000;0;0.020000;-0.050000;0.000000;-0.160000;1.850000;16:29:26:295216;
75;14841;0;5.000000;1.000000;0;0.050000;0.010000;0.000000;-0.110000;1.860000;16:29:26:553742;
76;15076;0;1.000000;1.000000;0;0.010000;0.010000;0.000000;-0.100000;1.870000;16:29:26:787892;
77;15346;0;-1.000000;0.000000;0;-0.010000;0.000000;0.000000;-0.110000;1.870000;16:29:27:058889;
78;15595;0;0.000000;1.000000;0;0.000000;0.010000;0.000000;-0.110000;1.880000;16:29:27:307242;
79;15847;0;0.000000;3.000000;0;0.000000;0.030000;0.000000;-0.110000;1.910000;16:29:27:558968;
80;16077;0;0.000000;3.000000;0;0.000000;0.030000;0.000000;-0.110000;1.940000;16:29:27:789004;
81;16354;0;0.000000;-1.000000;0;0.000000;-0.010000;0.000000;-0.110000;1.930000;16:29:28:066735;
82;16354;0;19.000000;361.000000;-59;0.000000;-0.010000;0.000000;0.000000;0.000000;16:29:28:066757;
83;16592;0;-2.000000;5.000000;0;-0.020000;0.050000;0.000000;-0.130000;1.980000;16:29:28:304628;
84;16839;0;0.000000;-5.000000;0;0.000000;-0.050000;0.000000;-0.130000;1.930000;16:29:28:550929;
85;17111;0;1.000000;-5.000000;0;0.010000;-0.050000;0.000000;-0.120000;1.880000;16:29:28:823650;
86;17349;0;2.000000;-5.000000;0;0.020000;-0.050000;0.000000;-0.100000;1.830000;16:29:29:061369;
87;17591;0;0.000000;-5.000000;0;0.000000;-0.050000;0.000000;-0.100000;1.780000;16:29:29:303554;
88;17861;0;0.000000;-6.000000;0;0.000000;-0.060000;0.000000;-0.100000;1.720000;16:29:29:572911;
89;18121;0;1.000000;-1.000000;0;0.010000;-0.010000;0.000000;-0.090000;1.710000;16:29:29:833304;
90;18374;0;-1.000000;1.000000;0;-0.010000;0.010000;0.000000;-0.100000;1.720000;16:29:30:086658;
91;18374;0;19.000000;354.000000;-59;-0.010000;0.010000;0.000000;0.000000;0.000000;16:29:30:086681;
92;18617;0;2.000000;1.000000;0;0.020000;0.010000;0.000000;-0.080000;1.730000;16:29:30:329186;
93;18862;0;0.000000;1.000000;0;0.000000;0.010000;0.000000;-0.080000;1.740000;16:29:30:574195;
94;19113;0;-3.000000;1.000000;0;-0.030000;0.010000;0.000000;-0.110000;1.750000;16:29:30:826083;
95;19378;0;0.000000;-3.000000;0;0.000000;-0.030000;0.000000;-0.110000;1.720000;16:29:31:090726;
96;19611;0;1.000000;1.000000;0;0.010000;0.010000;0.000000;-0.100000;1.730000;16:29:31:322968;
97;19875;0;4.000000;-3.000000;0;0.040000;-0.030000;0.000000;-0.060000;1.700000;16:29:31:586905;
98;20140;0;3.000000;-5.000000;0;0.030000;-0.050000;0.000000;-0.030000;1.650000;16:29:31:852522;
99;20396;0;0.000000;1.000000;0;0.000000;0.010000;0.000000;-0.030000;1.660000;16:29:32:108686;
100;20396;0;19.000000;359.000000;-59;0.000000;0.010000;0.000000;0.000000;0.000000;16:29:32:108964;
101;20619;0;0.000000;1.000000;0;0.000000;0.010000;0.000000;-0.030000;1.670000;16:29:32:331238;
102;20880;0;4.000000;-1.000000;0;0.040000;-0.010000;0.000000;0.010000;1.660000;16:29:32:592435;
103;21135;0;3.000000;1.000000;0;0.030000;0.010000;0.000000;0.040000;1.670000;16:29:32:847367;
104;21388;0;1.000000;5.000000;0;0.010000;0.050000;0.000000;0.050000;1.720000;16:29:33:100381;
105;21649;0;1.000000;1.000000;0;0.010000;0.010000;0.000000;0.060000;1.730000;16:29:33:361217;
106;21895;0;-1.000000;-3.000000;0;-0.010000;-0.030000;0.000000;0.050000;1.700000;16:29:33:606892;
107;22148;0;-3.000000;-3.000000;0;-0.030000;-0.030000;0.000000;0.020000;1.670000;16:29:33:860164;
108;22381;0;-1.000000;-1.000000;0;-0.010000;-0.010000;0.000000;0.010000;1.660000;16:29:34:093486;
109;22636;0;0.000000;1.000000;0;0.000000;0.010000;0.000000;0.010000;1.670000;16:29:34:348199;
110;22890;0;0.000000;-3.000000;0;0.000000;-0.030000;0.000000;0.010000;1.640000;16:29:34:601859;
111;23161;0;0.000000;1.000000;0;0.000000;0.010000;0.000000;0.010000;1.650000;16:29:34:873081;
112;23395;0;0.000000;1.000000;0;0.000000;0.010000;0.000000;0.010000;1.660000;16:29:35:107098;
113;23641;0;4.000000;6.000000;0;0.040000;0.060000;0.000000;0.050000;1.720000;16:29:35:353182;
114;23894;0;4.000000;5.000000;0;0.040000;0.050000;0.000000;0.090000;1.770000;16:29:35:605970;
115;24149;0;2.000000;6.000000;0;0.020000;0.060000;0.000000;0.110000;1.830000;16:29:35:860888;
116;24411;0;2.000000;1.000000;0;0.020000;0.010000;0.000000;0.130000;1.840000;16:29:36:123301;
117;24411;0;18.000000;32.800000;-59;0.020000;0.010000;0.000000;0.000000;0.000000;16:29:36:124322;
118;24411;0;19.000000;365.000000;-59;0.020000;0.010000;0.000000;0.000000;0.000000;16:29:36:124332;
119;24683;0;2.000000;-1.000000;0;0.020000;-0.010000;0.000000;0.150000;1.830000;16:29:36:394846;
120;24923;0;1.000000;-5.000000;0;0.010000;-0.050000;0.000000;0.160000;1.780000;16:29:36:635346;
121;25163;0;0.000000;-5.000000;0;0.000000;-0.050000;0.000000;0.160000;1.730000;16:29:36:874952;
122;25414;0;4.000000;0.000000;0;0.040000;0.000000;0.000000;0.200000;1.730000;16:29:37:126557;
123;25663;0;-1.000000;-5.000000;0;-0.010000;-0.050000;0.000000;0.190000;1.680000;16:29:37:374861;
124;25934;0;-2.000000;1.000000;0;-0.020000;0.010000;0.000000;0.170000;1.690000;16:29:37:646200;
125;26180;0;3.000000;1.000000;0;0.030000;0.010000;0.000000;0.200000;1.700000;16:29:37:891862;
126;26434;0;0.000000;3.000000;0;0.000000;0.030000;0.000000;0.200000;1.730000;16:29:38:146019;
127;26434;0;18.000000;32.900000;-59;0.000000;0.030000;0.000000;0.000000;0.000000;16:29:38:146040;
128;26434;0;19.000000;356.000000;-59;0.000000;0.030000;0.000000;0.000000;0.000000;16:29:38:146045;
129;26669;0;1.000000;3.000000;0;0.010000;0.030000;0.000000;0.210000;1.760000;16:29:38:380781;
130;26922;0;1.000000;-5.000000;0;0.010000;-0.050000;0.000000;0.220000;1.710000;16:29:38:633699;
131;27180;0;0.000000;-1.000000;0;0.000000;-0.010000;0.000000;0.220000;1.700000;16:29:38:892521;
132;27439;0;3.000000;0.000000;0;0.030000;0.000000;0.000000;0.250000;1.700000;16:29:39:150932;
133;27683;0;2.000000;0.000000;0;0.020000;0.000000;0.000000;0.270000;1.700000;16:29:39:395504;
134;27943;0;0.000000;1.000000;0;0.000000;0.010000;0.000000;0.270000;1.710000;16:29:39:655044;
135;28197;0;0.000000;1.000000;0;0.000000;0.010000;0.000000;0.270000;1.719999;16:29:39:909142;
136;28429;0;-1.000000;1.000000;0;-0.010000;0.010000;0.000000;0.260000;1.729999;16:29:40:140939;
137;28429;0;19.000000;360.000000;-59;-0.010000;0.010000;0.000000;0.000000;0.000000;16:29:40:140963;
138;28681;0;0.000000;3.000000;0;0.000000;0.030000;0.000000;0.260000;1.759999;16:29:40:392989;
139;28935;0;0.000000;-1.000000;0;0.000000;-0.010000;0.000000;0.260000;1.749999;16:29:40:646972;
140;29209;0;2.000000;5.000000;0;0.020000;0.050000;0.000000;0.280000;1.800000;16:29:40:920799;
141;29454;0;5.000000;-3.000000;0;0.050000;-0.030000;0.000000;0.330000;1.770000;16:29:41:166242;
142;29693;0;2.000000;3.000000;0;0.020000;0.030000;0.000000;0.350000;1.800000;16:29:41:404727;
143;29939;0;4.000000;-8.000000;0;0.040000;-0.080000;0.000000;0.390000;1.719999;16:29:41:650984;
144;30217;0;1.000000;-1.000000;0;0.010000;-0.010000;0.000000;0.400000;1.710000;16:29:41:929341;
145;30461;0;0.000000;-1.000000;0;0.000000;-0.010000;0.000000;0.400000;1.700000;16:29:42:172954;
146;30724;0;0.000000;-5.000000;0;0.000000;-0.050000;0.000000;0.400000;1.650000;16:29:42:436184;
147;30973;0;-1.000000;0.000000;0;-0.010000;0.000000;0.000000;0.390000;1.650000;16:29:42:685240;
148;31212;0;0.000000;0.000000;0;0.000000;0.000000;0.000000;0.390000;1.650000;16:29:42:924347;
149;31465;0;-2.000000;-3.000000;0;-0.020000;-0.030000;0.000000;0.370000;1.620000;16:29:43:176830;
150;31718;0;0.000000;3.000000;0;0.000000;0.030000;0.000000;0.370000;1.650000;16:29:43:430415;
151;31962;0;0.000000;3.000000;0;0.000000;0.030000;0.000000;0.370000;1.680000;16:29:43:674371;
152;32225;0;-1.000000;3.000000;0;-0.010000;0.030000;0.000000;0.360000;1.710000;16:29:43:937238;
153;32471;0;0.000000;3.000000;0;0.000000;0.030000;0.000000;0.360000;1.740000;16:29:44:182933;
154;32712;0;5.000000;5.000000;0;0.050000;0.050000;0.000000;0.410000;1.790000;16:29:44:424283;
155;32974;0;4.000000;-5.000000;0;0.040000;-0.050000;0.000000;0.450000;1.740000;16:29:44:685914;
156;33217;0;0.000000;3.000000;0;0.000000;0.030000;0.000000;0.450000;1.770000;16:29:44:928966;
157;33490;0;0.000000;-1.000000;0;0.000000;-0.010000;0.000000;0.450000;1.760000;16:29:45:201619;
158;33745;0;-3.000000;-6.000000;0;-0.030000;-0.060000;0.000000;0.420000;1.700000;16:29:45:456761;
159;33991;0;0.000000;-1.000000;0;0.000000;-0.010000;0.000000;0.420000;1.690000;16:29:45:702961;
160;34244;0;1.000000;-1.000000;0;0.010000;-0.010000;0.000000;0.430000;1.680000;16:29:45:956347;
161;34477;0;0.000000;0.000000;0;0.000000;0.000000;0.000000;0.430000;1.680000;16:29:46:189318;
162;34477;0;19.000000;362.000000;-59;0.000000;0.000000;0.000000;0.000000;0.000000;16:29:46:189341;
163;34735;0;0.000000;0.000000;0;0.000000;0.000000;0.000000;0.430000;1.680000;16:29:46:447079;
164;34991;0;0.000000;1.000000;0;0.000000;0.010000;0.000000;0.430000;1.690000;16:29:46:702681;
165;35257;0;0.000000;-5.000000;0;0.000000;-0.050000;0.000000;0.430000;1.640000;16:29:46:968996;
166;35504;0;0.000000;-5.000000;0;0.000000;-0.050000;0.000000;0.430000;1.590000;16:29:47:216323;
167;35741;0;0.000000;3.000000;0;0.000000;0.030000;0.000000;0.430000;1.620000;16:29:47:452961;
168;35994;0;0.000000;0.000000;0;0.000000;0.000000;0.000000;0.430000;1.620000;16:29:47:705982;
169;36249;0;2.000000;3.000000;0;0.020000;0.030000;0.000000;0.450000;1.650000;16:29:47:961128;
170;36510;0;1.000000;8.000000;0;0.010000;0.080000;0.000000;0.460000;1.730000;16:29:48:221798;
171;36510;0;19.000000;363.000000;-59;0.010000;0.080000;0.000000;0.000000;0.000000;16:29:48:221819;
172;36772;0;0.000000;6.000000;0;0.000000;0.060000;0.000000;0.460000;1.790000;16:29:48:484084;
173;37022;0;0.000000;0.000000;0;0.000000;0.000000;0.000000;0.460000;1.790000;16:29:48:734284;
174;37252;0;0.000000;0.000000;0;0.000000;0.000000;0.000000;0.460000;1.790000;16:29:48:963968;
175;37499;0;0.000000;1.000000;0;0.000000;0.010000;0.000000;0.460000;1.800000;16:29:49:211004;
176;37755;0;-2.000000;-1.000000;0;-0.020000;-0.010000;0.000000;0.440000;1.790000;16:29:49:466531;
177;38019;0;0.000000;-1.000000;0;0.000000;-0.010000;0.000000;0.440000;1.780000;16:29:49:730746;
178;38272;0;-2.000000;-5.000000;0;-0.020000;-0.050000;0.000000;0.420000;1.730000;16:29:49:984010;
179;38530;0;0.000000;-5.000000;0;0.000000;-0.050000;0.000000;0.420000;1.680000;16:29:50:242022;
180;38765;0;3.000000;-1.000000;0;0.030000;-0.010000;0.000000;0.450000;1.670000;16:29:50:476860;
181;39022;0;2.000000;0.000000;0;0.020000;0.000000;0.000000;0.470000;1.670000;16:29:50:734137;
182;39283;0;3.000000;1.000000;0;0.030000;0.010000;0.000000;0.500000;1.680000;16:29:50:995155;
183;39521;0;4.000000;-8.000000;0;0.040000;-0.080000;0.000000;0.540000;1.599999;16:29:51:232706;
184;39775;0;0.000000;-5.000000;0;0.000000;-0.050000;0.000000;0.540000;1.549999;16:29:51:486600;
185;40035;0;-2.000000;0.000000;0;-0.020000;0.000000;0.000000;0.520000;1.549999;16:29:51:746963;
186;40293;0;0.000000;0.000000;0;0.000000;0.000000;0.000000;0.520000;1.549999;16:29:52:004451;
187;40535;0;0.000000;-3.000000;0;0.000000;-0.030000;0.000000;0.520000;1.519999;16:29:52:246997;
188;40535;0;19.000000;354.000000;-59;0.000000;-0.030000;0.000000;0.000000;0.000000;16:29:52:247019;
189;40793;0;-2.000000;-3.000000;0;-0.020000;-0.030000;0.000000;0.500000;1.489999;16:29:52:504636;
190;41050;0;-2.000000;-5.000000;0;-0.020000;-0.050000;0.000000;0.480000;1.439999;16:29:52:761654;
191;41291;0;1.000000;0.000000;0;0.010000;0.000000;0.000000;0.490000;1.439999;16:29:53:002975;
192;41547;0;0.000000;-5.000000;0;0.000000;-0.050000;0.000000;0.490000;1.389999;16:29:53:258691;
193;41782;0;0.000000;-1.000000;0;0.000000;-0.010000;0.000000;0.490000;1.379999;16:29:53:494015;
194;42047;0;0.000000;0.000000;0;0.000000;0.000000;0.000000;0.490000;1.379999;16:29:53:758240;
195;42301;0;0.000000;1.000000;0;0.000000;0.010000;0.000000;0.490000;1.389999;16:29:54:012994;
196;42551;0;0.000000;0.000000;0;0.000000;0.000000;0.000000;0.490000;1.389999;16:29:54:263037;
197;42551;0;19.000000;359.000000;-59;0.000000;0.000000;0.000000;0.000000;0.000000;16:29:54:263058;
198;42816;0;-4.000000;-5.000000;0;-0.040000;-0.050000;0.000000;0.450000;1.339999;16:29:54:527568;
199;43069;0;-2.000000;-1.000000;0;-0.020000;-0.010000;0.000000;0.430000;1.329999;16:29:54:781052;
200;43309;0;2.000000;-1.000000;0;0.020000;-0.010000;0.000000;0.450000;1.319999;16:29:55:020669;
201;43553;0;2.000000;-1.000000;0;0.020000;-0.010000;0.000000;0.470000;1.309999;16:29:55:264696;
202;43800;0;-1.000000;-8.000000;0;-0.010000;-0.080000;0.000000;0.460000;1.229999;16:29:55:512057;
203;44057;0;-4.000000;-3.000000;0;-0.040000;-0.030000;0.000000;0.420000;1.199999;16:29:55:768725;
204;44327;0;-2.000000;3.000000;0;-0.020000;0.030000;0.000000;0.400000;1.229999;16:29:56:038866;
205;44578;0;-1.000000;6.000000;0;-0.010000;0.060000;0.000000;0.390000;1.289999;16:29:56:289837;
206;44578;0;19.000000;355.000000;-59;-0.010000;0.060000;0.000000;0.000000;0.000000;16:29:56:289863;
207;44824;0;2.000000;6.000000;0;0.020000;0.060000;0.000000;0.410000;1.349999;16:29:56:535869;
208;45065;0;1.000000;3.000000;0;0.010000;0.030000;0.000000;0.420000;1.379999;16:29:56:776839;
209;45337;0;1.000000;-1.000000;0;0.010000;-0.010000;0.000000;0.430000;1.369999;16:29:57:048899;
210;45578;0;2.000000;-1.000000;0;0.020000;-0.010000;0.000000;0.450000;1.360000;16:29:57:289936;
211;45847;0;0.000000;-10.000000;0;0.000000;-0.100000;0.000000;0.450000;1.260000;16:29:57:558407;
212;46095;0;1.000000;-3.000000;0;0.010000;-0.030000;0.000000;0.460000;1.230000;16:29:57:806149;
213;46335;0;1.000000;-3.000000;0;0.010000;-0.030000;0.000000;0.470000;1.200000;16:29:58:046678;
214;46571;0;4.000000;-13.000000;0;0.040000;-0.130000;0.000000;0.510000;1.070000;16:29:58:282078;
215;46571;0;19.000000;361.000000;-59;0.040000;-0.130000;0.000000;0.000000;0.000000;16:29:58:282099;
216;46839;0;4.000000;0.000000;0;0.040000;0.000000;0.000000;0.550000;1.070000;16:29:58:551021;
217;47094;0;0.000000;-1.000000;0;0.000000;-0.010000;0.000000;0.550000;1.060000;16:29:58:805662;
218;47345;0;0.000000;-6.000000;0;0.000000;-0.060000;0.000000;0.550000;1.000000;16:29:59:057004;
219;47595;0;1.000000;0.000000;0;0.010000;0.000000;0.000000;0.560000;1.000000;16:29:59:306799;
220;47829;0;0.000000;0.000000;0;0.000000;0.000000;0.000000;0.560000;1.000000;16:29:59:540638;
221;48099;0;1.000000;-6.000000;0;0.010000;-0.060000;0.000000;0.570000;0.940000;16:29:59:810291;
222;48351;0;1.000000;0.000000;0;0.010000;0.000000;0.000000;0.580000;0.940000;16:30:00:062638;
223;48592;0;2.000000;-3.000000;0;0.020000;-0.030000;0.000000;0.600000;0.910000;16:30:00:304176;
224;48592;0;19.000000;355.000000;-59;0.020000;-0.030000;0.000000;0.000000;0.000000;16:30:00:304204;
225;48871;0;2.000000;-5.000000;0;0.020000;-0.050000;0.000000;0.620000;0.860000;16:30:00:582608;
226;49105;0;0.000000;-5.000000;0;0.000000;-0.050000;0.000000;0.620000;0.810000;16:30:00:816885;
227;49356;0;4.000000;0.000000;0;0.040000;0.000000;0.000000;0.660000;0.810000;16:30:01:067563;
228;49609;0;0.000000;8.000000;0;0.000000;0.080000;0.000000;0.660000;0.890000;16:30:01:320341;
229;49851;0;-1.000000;3.000000;0;-0.010000;0.030000;0.000000;0.650000;0.920000;16:30:01:562168;
230;50121;0;1.000000;3.000000;0;0.010000;0.030000;0.000000;0.660000;0.950000;16:30:01:832815;
231;50372;0;2.000000;3.000000;0;0.020000;0.030000;0.000000;0.680000;0.980000;16:30:02:083778;
232;50637;0;0.000000;-5.000000;0;0.000000;-0.050000;0.000000;0.680000;0.930000;16:30:02:348787;
233;50637;0;19.000000;365.000000;-59;0.000000;-0.050000;0.000000;0.000000;0.000000;16:30:02:348808;
234;50856;0;-3.000000;-5.000000;0;-0.030000;-0.050000;0.000000;0.650000;0.879999;16:30:02:567683;
235;51127;0;0.000000;-6.000000;0;0.000000;-0.060000;0.000000;0.650000;0.819999;16:30:02:837952;
236;51377;0;2.000000;5.000000;0;0.020000;0.050000;0.000000;0.670000;0.870000;16:30:03:088490;
237;51635;0;0.000000;5.000000;0;0.000000;0.050000;0.000000;0.670000;0.920000;16:30:03:346838;
238;51869;0;0.000000;5.000000;0;0.000000;0.050000;0.000000;0.670000;0.970000;16:30:03:580593;
239;52140;0;2.000000;0.000000;0;0.020000;0.000000;0.000000;0.690000;0.970000;16:30:03:851065;
240;52381;0;0.000000;1.000000;0;0.000000;0.010000;0.000000;0.690000;0.980000;16:30:04:092152;
241;52643;0;1.000000;3.000000;0;0.010000;0.030000;0.000000;0.700000;1.010000;16:30:04:354252;
242;52643;0;19.000000;361.000000;-59;0.010000;0.030000;0.000000;0.000000;0.000000;16:30:04:354274;
243;52880;0;1.000000;3.000000;0;0.010000;0.030000;0.000000;0.710000;1.040000;16:30:04:591497;
244;53141;0;-1.000000;5.000000;0;-0.010000;0.050000;0.000000;0.700000;1.090000;16:30:04:852470;
245;53389;0;0.000000;1.000000;0;0.000000;0.010000;0.000000;0.700000;1.100000;16:30:05:100785;
246;53649;0;0.000000;6.000000;0;0.000000;0.060000;0.000000;0.700000;1.160000;16:30:05:360716;
247;53879;0;-2.000000;6.000000;0;-0.020000;0.060000;0.000000;0.680000;1.220000;16:30:05:590279;
248;54143;0;-3.000000;0.000000;0;-0.030000;0.000000;0.000000;0.650000;1.220000;16:30:05:854647;
249;54388;0;0.000000;5.000000;0;0.000000;0.050000;0.000000;0.650000;1.270000;16:30:06:099669;
250;54641;0;3.000000;-3.000000;0;0.030000;-0.030000;0.000000;0.680000;1.240000;16:30:06:352275;
251;54641;0;18.000000;32.800000;-59;0.030000;-0.030000;0.000000;0.000000;0.000000;16:30:06:352296;
252;54641;0;19.000000;367.000000;-59;0.030000;-0.030000;0.000000;0.000000;0.000000;16:30:06:352302;
253;54920;0;1.000000;-5.000000;0;0.010000;-0.050000;0.000000;0.690000;1.190000;16:30:06:631373;
254;55166;0;1.000000;-1.000000;0;0.010000;-0.010000;0.000000;0.700000;1.180000;16:30:06:877787;
255;55408;0;2.000000;-1.000000;0;0.020000;-0.010000;0.000000;0.720000;1.170000;16:30:07:119603;
256;55658;0;0.000000;3.000000;0;0.000000;0.030000;0.000000;0.720000;1.200000;16:30:07:369477;
257;55914;0;1.000000;5.000000;0;0.010000;0.050000;0.000000;0.730000;1.250000;16:30:07:624948;
258;56170;0;0.000000;1.000000;0;0.000000;0.010000;0.000000;0.730000;1.260000;16:30:07:881516;
259;56420;0;0.000000;3.000000;0;0.000000;0.030000;0.000000;0.730000;1.290000;16:30:08:131786;
260;56420;0;18.000000;32.900000;-59;0.000000;0.030000;0.000000;0.000000;0.000000;16:30:08:131880;
261;56420;0;19.000000;362.000000;-59;0.000000;0.030000;0.000000;0.000000;0.000000;16:30:08:131885;
262;56673;0;0.000000;-3.000000;0;0.000000;-0.030000;0.000000;0.730000;1.260000;16:30:08:384653;
263;56904;0;-1.000000;1.000000;0;-0.010000;0.010000;0.000000;0.720000;1.270000;16:30:08:615668;
264;57170;0;0.000000;1.000000;0;0.000000;0.010000;0.000000;0.720000;1.280000;16:30:08:881159;
265;57429;0;1.000000;5.000000;0;0.010000;0.050000;0.000000;0.730000;1.330000;16:30:09:140382;
266;57687;0;0.000000;3.000000;0;0.000000;0.030000;0.000000;0.730000;1.360000;16:30:09:398552;
267;57919;0;0.000000;3.000000;0;0.000000;0.030000;0.000000;0.730000;1.390000;16:30:09:630297;
268;58178;0;0.000000;1.000000;0;0.000000;0.010000;0.000000;0.730000;1.399999;16:30:09:888947;
269;58429;0;2.000000;6.000000;0;0.020000;0.060000;0.000000;0.750000;1.459999;16:30:10:139818;
270;58679;0;0.000000;3.000000;0;0.000000;0.030000;0.000000;0.750000;1.489999;16:30:10:390110;
271;58679;0;19.000000;366.000000;-59;0.000000;0.030000;0.000000;0.000000;0.000000;16:30:10:390133;
272;58942;0;0.000000;3.000000;0;0.000000;0.030000;0.000000;0.750000;1.519999;16:30:10:652773;
273;59189;0;0.000000;0.000000;0;0.000000;0.000000;0.000000;0.750000;1.519999;16:30:10:900330;
274;59441;0;-2.000000;-1.000000;0;-0.020000;-0.010000;0.000000;0.730000;1.510000;16:30:11:152716;
275;59702;0;0.000000;-5.000000;0;0.000000;-0.050000;0.000000;0.730000;1.459999;16:30:11:413505;
276;59933;0;0.000000;-5.000000;0;0.000000;-0.050000;0.000000;0.730000;1.409999;16:30:11:644595;
277;60181;0;-1.000000;-13.000000;0;-0.010000;-0.130000;0.000000;0.720000;1.280000;16:30:11:892247;
278;60457;0;0.000000;-3.000000;0;0.000000;-0.030000;0.000000;0.720000;1.250000;16:30:12:167818;
279;60457;0;19.000000;361.000000;-59;0.000000;-0.030000;0.000000;0.000000;0.000000;16:30:12:167838;
280;60691;0;0.000000;-3.000000;0;0.000000;-0.030000;0.000000;0.720000;1.220000;16:30:12:402395;
281;60954;0;0.000000;1.000000;0;0.000000;0.010000;0.000000;0.720000;1.229999;16:30:12:664912;
282;61203;0;0.000000;1.000000;0;0.000000;0.010000;0.000000;0.720000;1.239999;16:30:12:913751;
283;61451;0;1.000000;5.000000;0;0.010000;0.050000;0.000000;0.730000;1.289999;16:30:13:162247;
284;61703;0;0.000000;1.000000;0;0.000000;0.010000;0.000000;0.730000;1.299999;16:30:13:414147;
285;61965;0;2.000000;1.000000;0;0.020000;0.010000;0.000000;0.750000;1.309999;16:30:13:675958;
286;62202;0;1.000000;1.000000;0;0.010000;0.010000;0.000000;0.760000;1.319999;16:30:13:913366;
287;62473;0;1.000000;1.000000;0;0.010000;0.010000;0.000000;0.770000;1.329999;16:30:14:184379;
288;62473;0;19.000000;366.000000;-59;0.010000;0.010000;0.000000;0.000000;0.000000;16:30:14:184403;
289;62709;0;0.000000;1.000000;0;0.000000;0.010000;0.000000;0.770000;1.339999;16:30:14:420454;
290;62961;0;0.000000;-3.000000;0;0.000000;-0.030000;0.000000;0.770000;1.309999;16:30:14:672503;
291;63224;0;0.000000;-3.000000;0;0.000000;-0.030000;0.000000;0.770000;1.279999;16:30:14:934917;
292;63481;0;0.000000;1.000000;0;0.000000;0.010000;0.000000;0.770000;1.289999;16:30:15:192351;
293;63742;0;0.000000;1.000000;0;0.000000;0.010000;0.000000;0.770000;1.299999;16:30:15:452799;
294;63982;0;0.000000;5.000000;0;0.000000;0.050000;0.000000;0.770000;1.349999;16:30:15:693083;
295;64232;0;1.000000;1.000000;0;0.010000;0.010000;0.000000;0.780000;1.359999;16:30:15:943065;
296;64486;0;0.000000;1.000000;0;0.000000;0.010000;0.000000;0.780000;1.369999;16:30:16:196770;
297;64486;0;19.000000;363.000000;-59;0.000000;0.010000;0.000000;0.000000;0.000000;16:30:16:196790;
298;64729;0;0.000000;-5.000000;0;0.000000;-0.050000;0.000000;0.780000;1.319999;16:30:16:440069;
299;64993;0;0.000000;-1.000000;0;0.000000;-0.010000;0.000000;0.780000;1.309999;16:30:16:704507;
300;65249;0;0.000000;-6.000000;0;0.000000;-0.060000;0.000000;0.780000;1.249999;16:30:16:959942;
301;65497;0;0.000000;-6.000000;0;0.000000;-0.060000;0.000000;0.780000;1.189999;16:30:17:207703;
302;65746;0;3.000000;-1.000000;0;0.030000;-0.010000;0.000000;0.810000;1.179999;16:30:17:457167;
303;65992;0;2.000000;-1.000000;0;0.020000;-0.010000;0.000000;0.830000;1.169999;16:30:17:703368;
304;66251;0;-1.000000;0.000000;0;-0.010000;0.000000;0.000000;0.820000;1.169999;16:30:17:962263;
305;66493;0;-3.000000;-3.000000;0;-0.030000;-0.030000;0.000000;0.790000;1.139999;16:30:18:204372;
306;66493;0;19.000000;357.000000;-59;-0.030000;-0.030000;0.000000;0.000000;0.000000;16:30:18:204392;
307;66748;0;-4.000000;1.000000;0;-0.040000;0.010000;0.000000;0.750000;1.149999;16:30:18:459033;
308;66992;0;0.000000;1.000000;0;0.000000;0.010000;0.000000;0.750000;1.159999;16:30:18:703300;
309;67269;0;0.000000;-5.000000;0;0.000000;-0.050000;0.000000;0.750000;1.109999;16:30:18:980410;
310;67499;0;-4.000000;-5.000000;0;-0.040000;-0.050000;0.000000;0.710000;1.059999;16:30:19:210123;
311;67751;0;0.000000;1.000000;0;0.000000;0.010000;0.000000;0.710000;1.069999;16:30:19:462234;
312;68018;0;1.000000;-1.000000;0;0.010000;-0.010000;0.000000;0.720000;1.059999;16:30:19:728940;
313;68264;0;0.000000;-3.000000;0;0.000000;-0.030000;0.000000;0.720000;1.029999;16:30:19:974819;
314;68514;0;0.000000;-3.000000;0;0.000000;-0.030000;0.000000;0.720000;0.999999;16:30:20:224960;
315;68514;0;19.000000;362.000000;-59;0.000000;-0.030000;0.000000;0.000000;0.000000;16:30:20:224983;
316;68774;0;2.000000;-3.000000;0;0.020000;-0.030000;0.000000;0.740000;0.969999;16:30:20:485294;
317;69021;0;4.000000;-3.000000;0;0.040000;-0.030000;0.000000;0.780000;0.939999;16:30:20:732331;
318;69266;0;3.000000;-1.000000;0;0.030000;-0.010000;0.000000;0.810000;0.929999;16:30:20:977146;
319;69511;0;-1.000000;0.000000;0;-0.010000;0.000000;0.000000;0.800000;0.929999;16:30:21:222473;
320;69778;0;-2.000000;-5.000000;0;-0.020000;-0.050000;0.000000;0.780000;0.879999;16:30:21:488588;
321;70040;0;1.000000;-6.000000;0;0.010000;-0.060000;0.000000;0.790000;0.819999;16:30:21:750775;
322;70284;0;1.000000;0.000000;0;0.010000;0.000000;0.000000;0.800000;0.819999;16:30:21:994691;
323;70533;0;2.000000;0.000000;0;0.020000;0.000000;0.000000;0.820000;0.819999;16:30:22:244020;
324;70533;0;19.000000;356.000000;-59;0.020000;0.000000;0.000000;0.000000;0.000000;16:30:22:244044;
325;70763;0;2.000000;-8.000000;0;0.020000;-0.080000;0.000000;0.840000;0.739999;16:30:22:474138;
326;71044;0;2.000000;-1.000000;0;0.020000;-0.010000;0.000000;0.860000;0.729999;16:30:22:754653;
327;71283;0;0.000000;-3.000000;0;0.000000;-0.030000;0.000000;0.860000;0.699999;16:30:22:994019;
328;71537;0;0.000000;1.000000;0;0.000000;0.010000;0.000000;0.860000;0.709999;16:30:23:247763;
329;71796;0;0.000000;5.000000;0;0.000000;0.050000;0.000000;0.860000;0.759999;16:30:23:506537;
330;72035;0;0.000000;5.000000;0;0.000000;0.050000;0.000000;0.860000;0.809999;16:30:23:746310;
331;72289;0;0.000000;3.000000;0;0.000000;0.030000;0.000000;0.860000;0.839999;16:30:24:000188;
332;72533;0;-2.000000;-3.000000;0;-0.020000;-0.030000;0.000000;0.840000;0.809999;16:30:24:244336;
333;72533;0;19.000000;361.000000;-59;-0.020000;-0.030000;0.000000;0.000000;0.000000;16:30:24:244356;
334;72800;0;-1.000000;-3.000000;0;-0.010000;-0.030000;0.000000;0.830000;0.779999;16:30:24:510707;
335;73045;0;-1.000000;1.000000;0;-0.010000;0.010000;0.000000;0.820000;0.789999;16:30:24:756135;
336;73294;0;1.000000;-1.000000;0;0.010000;-0.010000;0.000000;0.830000;0.779999;16:30:25:005277;
337;73547;0;0.000000;3.000000;0;0.000000;0.030000;0.000000;0.830000;0.809999;16:30:25:257879;
338;73787;0;1.000000;-6.000000;0;0.010000;-0.060000;0.000000;0.840000;0.749999;16:30:25:498182;
339;74055;0;2.000000;0.000000;0;0.020000;0.000000;0.000000;0.860000;0.749999;16:30:25:766146;
340;74320;0;3.000000;1.000000;0;0.030000;0.010000;0.000000;0.890000;0.759999;16:30:26:030980;
341;74564;0;3.000000;-5.000000;0;0.030000;-0.050000;0.000000;0.920000;0.709999;16:30:26:275259;
342;74564;0;19.000000;359.000000;-59;0.030000;-0.050000;0.000000;0.000000;0.000000;16:30:26:275282;
343;74818;0;0.000000;5.000000;0;0.000000;0.050000;0.000000;0.920000;0.759999;16:30:26:529229;
344;75064;0;0.000000;5.000000;0;0.000000;0.050000;0.000000;0.920000;0.809999;16:30:26:775328;
345;75311;0;0.000000;10.000000;0;0.000000;0.100000;0.000000;0.920000;0.909999;16:30:27:022132;
346;75567;0;4.000000;0.000000;0;0.040000;0.000000;0.000000;0.960000;0.909999;16:30:27:278306;
347;75828;0;0.000000;5.000000;0;0.000000;0.050000;0.000000;0.960000;0.959999;16:30:27:538351;
348;76065;0;-3.000000;6.000000;0;-0.030000;0.060000;0.000000;0.930000;1.019999;16:30:27:776118;
349;76322;0;0.000000;6.000000;0;0.000000;0.060000;0.000000;0.930000;1.079999;16:30:28:033158;
350;76566;0;1.000000;6.000000;0;0.010000;0.060000;0.000000;0.940000;1.139999;16:30:28:276501;
351;76566;0;18.000000;32.800000;-59;0.010000;0.060000;0.000000;0.000000;0.000000;16:30:28:276522;
352;76566;0;19.000000;368.000000;-59;0.010000;0.060000;0.000000;0.000000;0.000000;16:30:28:276530;
353;76812;0;4.000000;0.000000;0;0.040000;0.000000;0.000000;0.980000;1.139999;16:30:28:522639;
354;77072;0;1.000000;5.000000;0;0.010000;0.050000;0.000000;0.990000;1.189999;16:30:28:783299;
355;77327;0;1.000000;-1.000000;0;0.010000;-0.010000;0.000000;1.000000;1.179999;16:30:29:038133;
356;77590;0;1.000000;1.000000;0;0.010000;0.010000;0.000000;1.010000;1.189999;16:30:29:300777;
357;77839;0;0.000000;1.000000;0;0.000000;0.010000;0.000000;1.010000;1.199999;16:30:29:549816;
358;78072;0;-2.000000;-5.000000;0;-0.020000;-0.050000;0.000000;0.990000;1.149999;16:30:29:783208;
359;78335;0;-5.000000;-1.000000;0;-0.050000;-0.010000;0.000000;0.940000;1.139999;16:30:30:045500;
360;78579;0;-3.000000;0.000000;0;-0.030000;0.000000;0.000000;0.910000;1.139999;16:30:30:290046;
361;78579;0;18.000000;32.900000;-59;-0.030000;0.000000;0.000000;0.000000;0.000000;16:30:30:290071;
362;78579;0;19.000000;357.000000;-59;-0.030000;0.000000;0.000000;0.000000;0.000000;16:30:30:290077;
363;78848;0;-2.000000;0.000000;0;-0.020000;0.000000;0.000000;0.890000;1.139999;16:30:30:558751;
364;79105;0;-5.000000;0.000000;0;-0.050000;0.000000;0.000000;0.840000;1.139999;16:30:30:815860;
365;79360;0;-4.000000;3.000000;0;-0.040000;0.030000;0.000000;0.800000;1.169999;16:30:31:070619;
366;79598;0;0.000000;3.000000;0;0.000000;0.030000;0.000000;0.800000;1.199999;16:30:31:308339;
367;79837;0;0.000000;-3.000000;0;0.000000;-0.030000;0.000000;0.800000;1.169999;16:30:31:548018;
368;80101;0;2.000000;0.000000;0;0.020000;0.000000;0.000000;0.820000;1.169999;16:30:31:812066;
369;80345;0;4.000000;3.000000;0;0.040000;0.030000;0.000000;0.860000;1.199999;16:30:32:056160;
370;80616;0;1.000000;1.000000;0;0.010000;0.010000;0.000000;0.870000;1.209999;16:30:32:326750;
371;80616;0;19.000000;364.000000;-59;0.010000;0.010000;0.000000;0.000000;0.000000;16:30:32:326773;
372;80863;0;0.000000;1.000000;0;0.000000;0.010000;0.000000;0.870000;1.219999;16:30:32:573867;
373;81108;0;0.000000;3.000000;0;0.000000;0.030000;0.000000;0.870000;1.249999;16:30:32:818367;
374;81371;0;0.000000;0.000000;0;0.000000;0.000000;0.000000;0.870000;1.249999;16:30:33:081345;
375;81606;0;0.000000;-10.000000;0;0.000000;-0.100000;0.000000;0.870000;1.149999;16:30:33:316582;
376;81875;0;-1.000000;1.000000;0;-0.010000;0.010000;0.000000;0.860000;1.159999;16:30:33:585496;
377;82128;0;-3.000000;5.000000;0;-0.030000;0.050000;0.000000;0.830000;1.209999;16:30:33:839083;
378;82383;0;0.000000;3.000000;0;0.000000;0.030000;0.000000;0.830000;1.239999;16:30:34:093435;
379;82621;0;0.000000;1.000000;0;0.000000;0.010000;0.000000;0.830000;1.249999;16:30:34:331594;
380;82621;0;18.000000;32.800000;-59;0.000000;0.010000;0.000000;0.000000;0.000000;16:30:34:331618;
381;82621;0;19.000000;366.000000;-59;0.000000;0.010000;0.000000;0.000000;0.000000;16:30:34:331626;
382;82887;0;0.000000;1.000000;0;0.000000;0.010000;0.000000;0.830000;1.259999;16:30:34:597215;
383;83118;0;1.000000;8.000000;0;0.010000;0.080000;0.000000;0.840000;1.339999;16:30:34:828800;
384;83395;0;-3.000000;6.000000;0;-0.030000;0.060000;0.000000;0.810000;1.399999;16:30:35:105961;
385;83634;0;0.000000;1.000000;0;0.000000;0.010000;0.000000;0.810000;1.409999;16:30:35:344702;
386;83888;0;0.000000;1.000000;0;0.000000;0.010000;0.000000;0.810000;1.419999;16:30:35:598808;
387;84121;0;-3.000000;3.000000;0;-0.030000;0.030000;0.000000;0.780000;1.449999;16:30:35:831593;
388;84383;0;-3.000000;5.000000;0;-0.030000;0.050000;0.000000;0.750000;1.499999;16:30:36:093552;
389;84638;0;-2.000000;3.000000;0;-0.020000;0.030000;0.000000;0.730000;1.529999;16:30:36:348233;
390;84638;0;19.000000;372.000000;-59;-0.020000;0.030000;0.000000;0.000000;0.000000;16:30:36:348261;
391;84892;0;0.000000;3.000000;0;0.000000;0.030000;0.000000;0.730000;1.559999;16:30:36:602506;
392;85136;0;-10.000000;-23.000000;0;-0.100000;-0.230000;0.000000;0.630000;1.329999;16:30:36:846612;
393;85412;0;-9.000000;-1.000000;0;-0.090000;-0.010000;0.000000;0.540000;1.319999;16:30:37:122301;
394;85638;0;-2.000000;-1.000000;0;-0.020000;-0.010000;0.000000;0.520000;1.309999;16:30:37:348327;
395;85903;0;0.000000;0.000000;0;0.000000;0.000000;0.000000;0.520000;1.309999;16:30:37:613586;
396;86140;0;1.000000;1.000000;0;0.010000;0.010000;0.000000;0.530000;1.319999;16:30:37:850503;
397;86394;0;0.000000;-3.000000;0;0.000000;-0.030000;0.000000;0.530000;1.289999;16:30:38:104740;
398;86645;0;0.000000;0.000000;0;0.000000;0.000000;0.000000;0.530000;1.289999;16:30:38:355946;
399;86645;0;18.000000;32.900000;-59;0.000000;0.000000;0.000000;0.000000;0.000000;16:30:38:355969;
400;86645;0;19.000000;357.000000;-59;0.000000;0.000000;0.000000;0.000000;0.000000;16:30:38:355974;
401;86924;0;0.000000;3.000000;0;0.000000;0.030000;0.000000;0.530000;1.319999;16:30:38:634446;
402;87156;0;-4.000000;3.000000;0;-0.040000;0.030000;0.000000;0.490000;1.349999;16:30:38:866741;
403;87414;0;-5.000000;0.000000;0;-0.050000;0.000000;0.000000;0.440000;1.349999;16:30:39:124991;
404;87654;0;-5.000000;-3.000000;0;-0.050000;-0.030000;0.000000;0.390000;1.319999;16:30:39:364352;
405;87922;0;-5.000000;5.000000;0;-0.050000;0.050000;0.000000;0.340000;1.369999;16:30:39:632865;
406;88172;0;-5.000000;5.000000;0;-0.050000;0.050000;0.000000;0.290000;1.419999;16:30:39:882242;
407;88420;0;0.000000;5.000000;0;0.000000;0.050000;0.000000;0.290000;1.469999;16:30:40:130272;
408;88665;0;5.000000;5.000000;0;0.050000;0.050000;0.000000;0.340000;1.519999;16:30:40:375547;
409;88665;0;19.000000;363.000000;-59;0.050000;0.050000;0.000000;0.000000;0.000000;16:30:40:375570;
410;88909;0;0.000000;-1.000000;0;0.000000;-0.010000;0.000000;0.340000;1.509999;16:30:40:619904;
411;89168;0;0.000000;5.000000;0;0.000000;0.050000;0.000000;0.340000;1.559999;16:30:40:878556;
412;89440;0;5.000000;0.000000;0;0.050000;0.000000;0.000000;0.390000;1.559999;16:30:41:150858;
413;89681;0;2.000000;0.000000;0;0.020000;0.000000;0.000000;0.410000;1.559999;16:30:41:391886;
414;89938;0;-2.000000;0.000000;0;-0.020000;0.000000;0.000000;0.390000;1.559999;16:30:41:648464;
415;90190;0;-4.000000;0.000000;0;-0.040000;0.000000;0.000000;0.350000;1.559999;16:30:41:900064;
416;90428;0;-2.000000;1.000000;0;-0.020000;0.010000;0.000000;0.330000;1.569999;16:30:42:138284;
417;90700;0;-4.000000;0.000000;0;-0.040000;0.000000;0.000000;0.290000;1.569999;16:30:42:410912;
418;90700;0;19.000000;356.000000;-59;-0.040000;0.000000;0.000000;0.000000;0.000000;16:30:42:410936;
419;90946;0;-5.000000;1.000000;0;-0.050000;0.010000;0.000000;0.240000;1.579999;16:30:42:656572;
420;91190;0;-6.000000;5.000000;0;-0.060000;0.050000;0.000000;0.180000;1.629999;16:30:42:900432;
421;91454;0;-9.000000;3.000000;0;-0.090000;0.030000;0.000000;0.090000;1.659999;16:30:43:164855;
422;91693;0;0.000000;3.000000;0;0.000000;0.030000;0.000000;0.090000;1.689999;16:30:43:403146;
423;91947;0;1.000000;3.000000;0;0.010000;0.030000;0.000000;0.100000;1.719999;16:30:43:657484;
424;92198;0;1.000000;8.000000;0;0.010000;0.080000;0.000000;0.110000;1.799999;16:30:43:908387;
425;92464;0;0.000000;1.000000;0;0.000000;0.010000;0.000000;0.110000;1.809999;16:30:44:173996;
426;92720;0;0.000000;0.000000;0;0.000000;0.000000;0.000000;0.110000;1.809999;16:30:44:430549;
427;92720;0;19.000000;362.000000;-59;0.000000;0.000000;0.000000;0.000000;0.000000;16:30:44:430571;
428;92962;0;1.000000;0.000000;0;0.010000;0.000000;0.000000;0.120000;1.809999;16:30:44:672737;
429;93197;0;1.000000;0.000000;0;0.010000;0.000000;0.000000;0.130000;1.809999;16:30:44:907003;
430;93463;0;0.000000;5.000000;0;0.000000;0.050000;0.000000;0.130000;1.859999;16:30:45:173267;
431;93722;0;-1.000000;-1.000000;0;-0.010000;-0.010000;0.000000;0.120000;1.849999;16:30:45:432719;
432;93968;0;-2.000000;-1.000000;0;-0.020000;-0.010000;0.000000;0.100000;1.839999;16:30:45:678188;
433;94222;0;-3.000000;-1.000000;0;-0.030000;-0.010000;0.000000;0.070000;1.829999;16:30:45:932821;
434;94472;0;0.000000;-5.000000;0;0.000000;-0.050000;0.000000;0.070000;1.779999;16:30:46:182461;
435;94713;0;0.000000;-5.000000;0;0.000000;-0.050000;0.000000;0.070000;1.729999;16:30:46:423226;
436;94713;0;19.000000;360.000000;-59;0.000000;-0.050000;0.000000;0.000000;0.000000;16:30:46:423252;
437;94984;0;2.000000;-6.000000;0;0.020000;-0.060000;0.000000;0.090000;1.669999;16:30:46:694046;
438;95231;0;2.000000;-6.000000;0;0.020000;-0.060000;0.000000;0.110000;1.609999;16:30:46:940868;
439;95476;0;0.000000;-6.000000;0;0.000000;-0.060000;0.000000;0.110000;1.549999;16:30:47:186098;
440;95732;0;3.000000;-5.000000;0;0.030000;-0.050000;0.000000;0.140000;1.499999;16:30:47:442791;
441;95996;0;3.000000;0.000000;0;0.030000;0.000000;0.000000;0.170000;1.499999;16:30:47:706086;
442;96238;0;2.000000;0.000000;0;0.020000;0.000000;0.000000;0.190000;1.499999;16:30:47:948701;
443;96488;0;2.000000;0.000000;0;0.020000;0.000000;0.000000;0.210000;1.499999;16:30:48:198551;
444;96734;0;5.000000;-3.000000;0;0.050000;-0.030000;0.000000;0.260000;1.469999;16:30:48:443963;
445;96734;0;19.000000;355.000000;-59;0.050000;-0.030000;0.000000;0.000000;0.000000;16:30:48:443988;
446;96980;0;5.000000;-5.000000;0;0.050000;-0.050000;0.000000;0.310000;1.419999;16:30:48:690260;
447;97230;0;0.000000;-1.000000;0;0.000000;-0.010000;0.000000;0.310000;1.409999;16:30:48:940427;
448;97496;0;-2.000000;1.000000;0;-0.020000;0.010000;0.000000;0.290000;1.419999;16:30:49:206446;
449;97738;0;0.000000;-1.000000;0;0.000000;-0.010000;0.000000;0.290000;1.409999;16:30:49:447828;
450;97999;0;3.000000;-1.000000;0;0.030000;-0.010000;0.000000;0.320000;1.399999;16:30:49:709352;
451;98246;0;2.000000;5.000000;0;0.020000;0.050000;0.000000;0.340000;1.449999;16:30:49:957920;
452;98508;0;2.000000;0.000000;0;0.020000;0.000000;0.000000;0.360000;1.449999;16:30:50:218528;
453;98754;0;3.000000;0.000000;0;0.030000;0.000000;0.000000;0.390000;1.449999;16:30:50:464337;
454;98754;0;19.000000;358.000000;-59;0.030000;0.000000;0.000000;0.000000;0.000000;16:30:50:464359;
455;98998;0;3.000000;-1.000000;0;0.030000;-0.010000;0.000000;0.420000;1.439999;16:30:50:708357;
456;99264;0;2.000000;1.000000;0;0.020000;0.010000;0.000000;0.440000;1.449999;16:30:50:974463;
457;99504;0;2.000000;0.000000;0;0.020000;0.000000;0.000000;0.460000;1.449999;16:30:51:214397;
458;99770;0;1.000000;-5.000000;0;0.010000;-0.050000;0.000000;0.470000;1.399999;16:30:51:480587;
459;100020;0;0.000000;-6.000000;0;0.000000;-0.060000;0.000000;0.470000;1.339999;16:30:51:730457;
460;100278;0;-3.000000;-5.000000;0;-0.030000;-0.050000;0.000000;0.440000;1.289999;16:30:51:988542;
461;100523;0;-4.000000;-1.000000;0;-0.040000;-0.010000;0.000000;0.400000;1.279999;16:30:52:233678;
462;100757;0;0.000000;-1.000000;0;0.000000;-0.010000;0.000000;0.400000;1.269999;16:30:52:467636;
463;100757;0;19.000000;354.000000;-59;0.000000;-0.010000;0.000000;0.000000;0.000000;16:30:52:467660;
464;101024;0;0.000000;0.000000;0;0.000000;0.000000;0.000000;0.400000;1.269999;16:30:52:734112;
465;101272;0;0.000000;0.000000;0;0.000000;0.000000;0.000000;0.400000;1.269999;16:30:52:982228;
466;101514;0;0.000000;0.000000;0;0.000000;0.000000;0.000000;0.400000;1.269999;16:30:53:224456;
467;101782;0;3.000000;1.000000;0;0.030000;0.010000;0.000000;0.430000;1.279999;16:30:53:492610;
468;102031;0;2.000000;3.000000;0;0.020000;0.030000;0.000000;0.450000;1.309999;16:30:53:741410;
469;102268;0;2.000000;3.000000;0;0.020000;0.030000;0.000000;0.470000;1.339999;16:30:53:978464;
470;102520;0;2.000000;-3.000000;0;0.020000;-0.030000;0.000000;0.490000;1.309999;16:30:54:230240;
471;102793;0;0.000000;0.000000;0;0.000000;0.000000;0.000000;0.490000;1.309999;16:30:54:503259;
472;102793;0;19.000000;361.000000;-59;0.000000;0.000000;0.000000;0.000000;0.000000;16:30:54:503283;
473;103026;0;4.000000;-1.000000;0;0.040000;-0.010000;0.000000;0.530000;1.299999;16:30:54:735925;
474;103282;0;0.000000;-5.000000;0;0.000000;-0.050000;0.000000;0.530000;1.249999;16:30:54:992037;
475;103551;0;1.000000;0.000000;0;0.010000;0.000000;0.000000;0.540000;1.249999;16:30:55:260931;
476;103791;0;0.000000;0.000000;0;0.000000;0.000000;0.000000;0.540000;1.249999;16:30:55:500759;
477;104054;0;2.000000;-10.000000;0;0.020000;-0.100000;0.000000;0.560000;1.149999;16:30:55:764120;
478;104303;0;5.000000;1.000000;0;0.050000;0.010000;0.000000;0.610000;1.159999;16:30:56:012821;
479;104547;0;0.000000;-5.000000;0;0.000000;-0.050000;0.000000;0.610000;1.109999;16:30:56:257326;
480;104809;0;1.000000;-1.000000;0;0.010000;-0.010000;0.000000;0.620000;1.099999;16:30:56:519038;
481;104809;0;19.000000;353.000000;-59;0.010000;-0.010000;0.000000;0.000000;0.000000;16:30:56:519061;
482;105072;0;0.000000;5.000000;0;0.000000;0.050000;0.000000;0.620000;1.149999;16:30:56:781679;
483;105301;0;0.000000;5.000000;0;0.000000;0.050000;0.000000;0.620000;1.199999;16:30:57:011447;
484;105540;0;0.000000;1.000000;0;0.000000;0.010000;0.000000;0.620000;1.209999;16:30:57:250341;
485;105809;0;0.000000;-1.000000;0;0.000000;-0.010000;0.000000;0.620000;1.199999;16:30:57:519270;
486;106072;0;0.000000;-1.000000;0;0.000000;-0.010000;0.000000;0.620000;1.190000;16:30:57:782032;
487;106316;0;0.000000;-1.000000;0;0.000000;-0.010000;0.000000;0.620000;1.180000;16:30:58:026852;
488;106556;0;-1.000000;0.000000;0;-0.010000;0.000000;0.000000;0.610000;1.180000;16:30:58:265801;
489;106809;0;-4.000000;-3.000000;0;-0.040000;-0.030000;0.000000;0.570000;1.150000;16:30:58:519315;
490;106809;0;19.000000;361.000000;-59;-0.040000;-0.030000;0.000000;0.000000;0.000000;16:30:58:519338;
491;107071;0;-3.000000;-1.000000;0;-0.030000;-0.010000;0.000000;0.540000;1.140000;16:30:58:780930;
492;107336;0;0.000000;-1.000000;0;0.000000;-0.010000;0.000000;0.540000;1.130000;16:30:59:046299;
493;107574;0;0.000000;3.000000;0;0.000000;0.030000;0.000000;0.540000;1.160000;16:30:59:284379;
494;107827;0;0.000000;3.000000;0;0.000000;0.030000;0.000000;0.540000;1.190000;16:30:59:537577;
495;108093;0;3.000000;0.000000;0;0.030000;0.000000;0.000000;0.570000;1.190000;16:30:59:802644;
496;108334;0;5.000000;0.000000;0;0.050000;0.000000;0.000000;0.620000;1.190000;16:31:00:044154;
497;108566;0;5.000000;-11.000000;0;0.050000;-0.110000;0.000000;0.670000;1.080000;16:31:00:276337;
498;108832;0;1.000000;-8.000000;0;0.010000;-0.080000;0.000000;0.680000;1.000000;16:31:00:541855;
499;108832;0;19.000000;358.000000;-59;0.010000;-0.080000;0.000000;0.000000;0.000000;16:31:00:541880;
500;109079;0;-3.000000;0.000000;0;-0.030000;0.000000;0.000000;0.650000;1.000000;16:31:00:789030;
501;109343;0;0.000000;1.000000;0;0.000000;0.010000;0.000000;0.650000;1.010000;16:31:01:052772;
502;109580;0;-4.000000;5.000000;0;-0.040000;0.050000;0.000000;0.610000;1.060000;16:31:01:290233;
503;109838;0;-3.000000;-1.000000;0;-0.030000;-0.010000;0.000000;0.580000;1.050000;16:31:01:548210;
504;110090;0;-3.000000;5.000000;0;-0.030000;0.050000;0.000000;0.550000;1.100000;16:31:01:799925;
505;110346;0;-5.000000;3.000000;0;-0.050000;0.030000;0.000000;0.500000;1.130000;16:31:02:056031;
506;110590;0;-1.000000;1.000000;0;-0.010000;0.010000;0.000000;0.490000;1.140000;16:31:02:300048;
507;110858;0;0.000000;-1.000000;0;0.000000;-0.010000;0.000000;0.490000;1.130000;16:31:02:567860;
508;110858;0;19.000000;363.000000;-59;0.000000;-0.010000;0.000000;0.000000;0.000000;16:31:02:567883;
509;111115;0;3.000000;-1.000000;0;0.030000;-0.010000;0.000000;0.520000;1.120000;16:31:02:825216;
510;111341;0;0.000000;-1.000000;0;0.000000;-0.010000;0.000000;0.520000;1.110000;16:31:03:051263;
511;111600;0;0.000000;-1.000000;0;0.000000;-0.010000;0.000000;0.520000;1.100000;16:31:03:310369;
512;111858;0;2.000000;-5.000000;0;0.020000;-0.050000;0.000000;0.540000;1.050000;16:31:03:568204;
513;112108;0;2.000000;-8.000000;0;0.020000;-0.080000;0.000000;0.560000;0.970000;16:31:03:818273;
514;112352;0;1.000000;-8.000000;0;0.010000;-0.080000;0.000000;0.570000;0.890000;16:31:04:062393;
515;112604;0;0.000000;0.000000;0;0.000000;0.000000;0.000000;0.570000;0.890000;16:31:04:314277;
516;112864;0;0.000000;-1.000000;0;0.000000;-0.010000;0.000000;0.570000;0.880000;16:31:04:574004;
517;112864;0;19.000000;355.000000;-59;0.000000;-0.010000;0.000000;0.000000;0.000000;16:31:04:574029;
518;113113;0;-3.000000;-3.000000;0;-0.030000;-0.030000;0.000000;0.540000;0.850000;16:31:04:822446;
519;113368;0;0.000000;-1.000000;0;0.000000;-0.010000;0.000000;0.540000;0.840000;16:31:05:078177;
520;113616;0;1.000000;0.000000;0;0.010000;0.000000;0.000000;0.550000;0.840000;16:31:05:326456;
521;113879;0;0.000000;0.000000;0;0.000000;0.000000;0.000000;0.550000;0.840000;16:31:05:589953;
522;114141;0;2.000000;3.000000;0;0.020000;0.030000;0.000000;0.570000;0.870000;16:31:05:850447;
523;114382;0;0.000000;3.000000;0;0.000000;0.030000;0.000000;0.570000;0.900000;16:31:06:091962;
524;114636;0;0.000000;-6.000000;0;0.000000;-0.060000;0.000000;0.570000;0.840000;16:31:06:346151;
525;114870;0;0.000000;-6.000000;0;0.000000;-0.060000;0.000000;0.570000;0.780000;16:31:06:579424;
526;114870;0;19.000000;358.000000;-59;0.000000;-0.060000;0.000000;0.000000;0.000000;16:31:06:579444;
527;115141;0;-1.000000;-5.000000;0;-0.010000;-0.050000;0.000000;0.560000;0.730000;16:31:06:850528;
528;115393;0;0.000000;0.000000;0;0.000000;0.000000;0.000000;0.560000;0.730000;16:31:07:103247;
529;115648;0;-3.000000;0.000000;0;-0.030000;0.000000;0.000000;0.530000;0.730000;16:31:07:358249;
530;115887;0;-3.000000;3.000000;0;-0.030000;0.030000;0.000000;0.500000;0.760000;16:31:07:596393;
531;116124;0;-6.000000;1.000000;0;-0.060000;0.010000;0.000000;0.440000;0.770000;16:31:07:834295;
532;116397;0;-5.000000;0.000000;0;-0.050000;0.000000;0.000000;0.390000;0.770000;16:31:08:107166;
533;116634;0;-3.000000;-1.000000;0;-0.030000;-0.010000;0.000000;0.360000;0.760000;16:31:08:343700;
534;116901;0;-5.000000;0.000000;0;-0.050000;0.000000;0.000000;0.310000;0.760000;16:31:08:610978;
535;116901;0;19.000000;359.000000;-59;-0.050000;0.000000;0.000000;0.000000;0.000000;16:31:08:610998;
536;117143;0;-2.000000;1.000000;0;-0.020000;0.010000;0.000000;0.290000;0.770000;16:31:08:852589;
537;117403;0;0.000000;1.000000;0;0.000000;0.010000;0.000000;0.290000;0.780000;16:31:09:112571;
538;117648;0;0.000000;-1.000000;0;0.000000;-0.010000;0.000000;0.290000;0.770000;16:31:09:357317;
539;117894;0;0.000000;1.000000;0;0.000000;0.010000;0.000000;0.290000;0.780000;16:31:09:604202;
540;118158;0;0.000000;3.000000;0;0.000000;0.030000;0.000000;0.290000;0.810000;16:31:09:867503;
541;118412;0;3.000000;1.000000;0;0.030000;0.010000;0.000000;0.320000;0.820000;16:31:10:122146;
542;118671;0;1.000000;3.000000;0;0.010000;0.030000;0.000000;0.330000;0.850000;16:31:10:380827;
543;118914;0;-1.000000;5.000000;0;-0.010000;0.050000;0.000000;0.320000;0.900000;16:31:10:624141;
544;118914;0;19.000000;362.000000;-59;-0.010000;0.050000;0.000000;0.000000;0.000000;16:31:10:624163;
545;119160;0;-2.000000;8.000000;0;-0.020000;0.080000;0.000000;0.300000;0.980000;16:31:10:869967;
546;119406;0;0.000000;-1.000000;0;0.000000;-0.010000;0.000000;0.300000;0.970000;16:31:11:115721;
547;119669;0;1.000000;0.000000;0;0.010000;0.000000;0.000000;0.310000;0.970000;16:31:11:378337;
548;119922;0;0.000000;-10.000000;0;0.000000;-0.100000;0.000000;0.310000;0.870000;16:31:11:631900;
549;120191;0;0.000000;0.000000;0;0.000000;0.000000;0.000000;0.310000;0.870000;16:31:11:900664;
550;120426;0;-4.000000;0.000000;0;-0.040000;0.000000;0.000000;0.270000;0.870000;16:31:12:136006;
551;120660;0;0.000000;-6.000000;0;0.000000;-0.060000;0.000000;0.270000;0.810000;16:31:12:369349;
552;120931;0;0.000000;-5.000000;0;0.000000;-0.050000;0.000000;0.270000;0.760000;16:31:12:640701;
553;120931;0;19.000000;354.000000;-59;0.000000;-0.050000;0.000000;0.000000;0.000000;16:31:12:642069;
554;121184;0;1.000000;-8.000000;0;0.010000;-0.080000;0.000000;0.280000;0.680000;16:31:12:894149;
555;121424;0;1.000000;-6.000000;0;0.010000;-0.060000;0.000000;0.290000;0.620000;16:31:13:133769;
556;121688;0;-3.000000;-1.000000;0;-0.030000;-0.010000;0.000000;0.260000;0.610000;16:31:13:397262;
557;121932;0;-1.000000;-1.000000;0;-0.010000;-0.010000;0.000000;0.250000;0.600000;16:31:13:642043;
558;122172;0;-4.000000;1.000000;0;-0.040000;0.010000;0.000000;0.210000;0.610000;16:31:13:881394;
559;122439;0;-5.000000;0.000000;0;-0.050000;0.000000;0.000000;0.160000;0.610000;16:31:14:148413;
560;122685;0;-8.000000;-1.000000;0;-0.080000;-0.010000;0.000000;0.080000;0.600000;16:31:14:394616;
561;122958;0;-9.000000;-5.000000;0;-0.090000;-0.050000;0.000000;-0.010000;0.550000;16:31:14:667868;
562;122958;0;19.000000;357.000000;-59;-0.090000;-0.050000;0.000000;0.000000;0.000000;16:31:14:667888;
563;123201;0;-4.000000;-5.000000;0;-0.040000;-0.050000;0.000000;-0.050000;0.499999;16:31:14:910671;
564;123438;0;0.000000;-1.000000;0;0.000000;-0.010000;0.000000;-0.050000;0.489999;16:31:15:147454;
565;123698;0;0.000000;-3.000000;0;0.000000;-0.030000;0.000000;-0.050000;0.459999;16:31:15:408017;
566;123941;0;3.000000;8.000000;0;0.030000;0.080000;0.000000;-0.020000;0.540000;16:31:15:650526;
567;124208;0;0.000000;-3.000000;0;0.000000;-0.030000;0.000000;-0.020000;0.510000;16:31:15:918061;
568;124470;0;0.000000;0.000000;0;0.000000;0.000000;0.000000;-0.020000;0.510000;16:31:16:179524;
569;124713;0;0.000000;-1.000000;0;0.000000;-0.010000;0.000000;-0.020000;0.499999;16:31:16:422404;
570;124946;0;0.000000;-1.000000;0;0.000000;-0.010000;0.000000;-0.020000;0.489999;16:31:16:655178;
571;124946;0;18.000000;32.800000;-59;0.000000;-0.010000;0.000000;0.000000;0.000000;16:31:16:655202;
572;124946;0;19.000000;361.000000;-59;0.000000;-0.010000;0.000000;0.000000;0.000000;16:31:16:655210;
573;125220;0;4.000000;-5.000000;0;0.040000;-0.050000;0.000000;0.020000;0.439999;16:31:16:929554;
574;125465;0;2.000000;-8.000000;0;0.020000;-0.080000;0.000000;0.040000;0.359999;16:31:17:174377;
575;125706;0;0.000000;-5.000000;0;0.000000;-0.050000;0.000000;0.040000;0.309999;16:31:17:415807;
576;125972;0;0.000000;-6.000000;0;0.000000;-0.060000;0.000000;0.040000;0.249999;16:31:17:681868;
577;126214;0;-4.000000;-1.000000;0;-0.040000;-0.010000;0.000000;0.000000;0.239999;16:31:17:923814;
578;126471;0;0.000000;0.000000;0;0.000000;0.000000;0.000000;0.000000;0.239999;16:31:18:180274;
579;126728;0;2.000000;-1.000000;0;0.020000;-0.010000;0.000000;0.020000;0.229999;16:31:18:437916;
580;126965;0;0.000000;6.000000;0;0.000000;0.060000;0.000000;0.020000;0.289999;16:31:18:674878;
581;126965;0;18.000000;32.900000;-59;0.000000;0.060000;0.000000;0.000000;0.000000;16:31:18:674897;
582;126965;0;19.000000;359.000000;-59;0.000000;0.060000;0.000000;0.000000;0.000000;16:31:18:674903;
583;127240;0;0.000000;-6.000000;0;0.000000;-0.060000;0.000000;0.020000;0.229999;16:31:18:949566;
584;127494;0;-1.000000;-1.000000;0;-0.010000;-0.010000;0.000000;0.010000;0.219999;16:31:19:203074;
585;127749;0;-4.000000;0.000000;0;-0.040000;0.000000;0.000000;-0.030000;0.219999;16:31:19:458381;
586;127971;0;-1.000000;0.000000;0;-0.010000;0.000000;0.000000;-0.040000;0.219999;16:31:19:680411;
587;128237;0;1.000000;1.000000;0;0.010000;0.010000;0.000000;-0.030000;0.229999;16:31:19:946323;
588;128494;0;-5.000000;-1.000000;0;-0.050000;-0.010000;0.000000;-0.080000;0.219999;16:31:20:203899;
589;128743;0;-2.000000;-3.000000;0;-0.020000;-0.030000;0.000000;-0.100000;0.189999;16:31:20:452588;
590;129007;0;2.000000;-6.000000;0;0.020000;-0.060000;0.000000;-0.080000;0.129999;16:31:20:716267;
591;129007;0;19.000000;357.000000;-59;0.020000;-0.060000;0.000000;0.000000;0.000000;16:31:20:716290;
592;129257;0;6.000000;1.000000;0;0.060000;0.010000;0.000000;-0.020000;0.139999;16:31:20:966628;
593;129494;0;5.000000;1.000000;0;0.050000;0.010000;0.000000;0.030000;0.149999;16:31:21:203738;
594;129736;0;-5.000000;3.000000;0;-0.050000;0.030000;0.000000;-0.020000;0.179999;16:31:21:445712;
595;130006;0;0.000000;5.000000;0;0.000000;0.050000;0.000000;-0.020000;0.229999;16:31:21:715648;
596;130244;0;0.000000;3.000000;0;0.000000;0.030000;0.000000;-0.020000;0.259999;16:31:21:953305;
597;130514;0;0.000000;0.000000;0;0.000000;0.000000;0.000000;-0.020000;0.259999;16:31:22:223597;
598;130761;0;0.000000;-13.000000;0;0.000000;-0.130000;0.000000;-0.020000;0.129999;16:31:22:470367;
