;;sensor_resp;;;conv.sen.data;;;path_corr.;;;timestamp;
index;tick;stat;y/var;z/value;stat;y;z;x;y;z;
244;52139;0;-2.000000;-1.000000;0;-0.020000;-0.010000;0.000000;0.870000;-0.590000;17:43:52:107701;
245;52371;0;0.000000;-1.000000;0;0.000000;-0.010000;0.000000;0.870000;-0.600000;17:43:52:339627;
246;52641;0;0.000000;1.000000;0;0.000000;0.010000;0.000000;0.870000;-0.590000;17:43:52:609688;
247;52641;0;18.000000;33.400000;-59;0.000000;0.010000;0.000000;0.000000;0.000000;17:43:52:609711;
248;52641;0;19.000000;379.000000;-59;0.000000;0.010000;0.000000;0.000000;0.000000;17:43:52:609717;
249;52892;0;2.000000;1.000000;0;0.020000;0.010000;0.000000;0.890000;-0.580000;17:43:52:860244;
250;53147;0;5.000000;0.000000;0;0.050000;0.000000;0.000000;0.940000;-0.580000;17:43:53:115547;
251;53385;0;2.000000;-3.000000;0;0.020000;-0.030000;0.000000;0.960000;-0.610000;17:43:53:353738;
252;53646;0;0.000000;0.000000;0;0.000000;0.000000;0.000000;0.960000;-0.610000;17:43:53:614868;
253;53905;0;0.000000;-1.000000;0;0.000000;-0.010000;0.000000;0.960000;-0.620000;17:43:53:873586;
254;54153;0;0.000000;-11.000000;0;0.000000;-0.110000;0.000000;0.960000;-0.730000;17:43:54:121614;
255;54415;0;-2.000000;-1.000000;0;-0.020000;-0.010000;0.000000;0.940000;-0.740000;17:43:54:383874;
256;54654;0;-3.000000;0.000000;0;-0.030000;0.000000;0.000000;0.910000;-0.740000;17:43:54:622738;
257;54654;0;19.000000;378.000000;-59;-0.030000;0.000000;0.000000;0.000000;0.000000;17:43:54:622759;
258;54916;0;0.000000;-3.000000;0;0.000000;-0.030000;0.000000;0.910000;-0.770000;17:43:54:884875;
259;55158;0;0.000000;1.000000;0;0.000000;0.010000;0.000000;0.910000;-0.760000;17:43:55:126843;
260;55416;0;2.000000;-3.000000;0;0.020000;-0.030000;0.000000;0.930000;-0.790000;17:43:55:384289;
261;55673;0;0.000000;1.000000;0;0.000000;0.010000;0.000000;0.930000;-0.780000;17:43:55:641278;
262;55905;0;0.000000;1.000000;0;0.000000;0.010000;0.000000;0.930000;-0.770000;17:43:55:873811;
263;56178;0;1.000000;0.000000;0;0.010000;0.000000;0.000000;0.940000;-0.770000;17:43:56:146742;
264;56409;0;1.000000;-5.000000;0;0.010000;-0.050000;0.000000;0.950000;-0.820000;17:43:56:377716;
265;56670;0;4.000000;-6.000000;0;0.040000;-0.060000;0.000000;0.990000;-0.880000;17:43:56:638744;
266;56670;0;19.000000;381.000000;-59;0.040000;-0.060000;0.000000;0.000000;0.000000;17:43:56:638852;
267;56929;0;1.000000;0.000000;0;0.010000;0.000000;0.000000;1.000000;-0.880000;17:43:56:897476;
268;57171;0;-1.000000;-6.000000;0;-0.010000;-0.060000;0.000000;0.990000;-0.940000;17:43:57:139689;
269;57417;0;-1.000000;-6.000000;0;-0.010000;-0.060000;0.000000;0.980000;-1.000000;17:43:57:385252;
270;57685;0;-3.000000;0.000000;0;-0.030000;0.000000;0.000000;0.950000;-1.000000;17:43:57:653499;
271;57932;0;0.000000;5.000000;0;0.000000;0.050000;0.000000;0.950000;-0.950000;17:43:57:900632;
272;58174;0;-1.000000;3.000000;0;-0.010000;0.030000;0.000000;0.940000;-0.920000;17:43:58:142802;
273;58429;0;0.000000;3.000000;0;0.000000;0.030000;0.000000;0.940000;-0.890000;17:43:58:397370;
274;58691;0;0.000000;10.000000;0;0.000000;0.100000;0.000000;0.940000;-0.790000;17:43:58:659387;
275;58951;0;0.000000;1.000000;0;0.000000;0.010000;0.000000;0.940000;-0.780000;17:43:58:919089;
276;59187;0;-1.000000;1.000000;0;-0.010000;0.010000;0.000000;0.930000;-0.770000;17:43:59:155614;
277;59447;0;0.000000;1.000000;0;0.000000;0.010000;0.000000;0.930000;-0.760000;17:43:59:415470;
278;59705;0;3.000000;-5.000000;0;0.030000;-0.050000;0.000000;0.960000;-0.810000;17:43:59:673595;
279;59949;0;1.000000;-1.000000;0;0.010000;-0.010000;0.000000;0.970000;-0.820000;17:43:59:917787;
280;60207;0;-1.000000;-6.000000;0;-0.010000;-0.060000;0.000000;0.960000;-0.880000;17:44:00:175449;
281;60448;0;-5.000000;-1.000000;0;-0.050000;-0.010000;0.000000;0.910000;-0.890000;17:44:00:416453;
282;60707;0;-2.000000;-6.000000;0;-0.020000;-0.060000;0.000000;0.890000;-0.950000;17:44:00:675358;
283;60707;0;19.000000;380.000000;-59;-0.020000;-0.060000;0.000000;0.000000;0.000000;17:44:00:675380;
284;60953;0;0.000000;-1.000000;0;0.000000;-0.010000;0.000000;0.890000;-0.960000;17:44:00:921049;
285;61213;0;-2.000000;-1.000000;0;-0.020000;-0.010000;0.000000;0.870000;-0.970000;17:44:01:181254;
286;61445;0;-1.000000;-1.000000;0;-0.010000;-0.010000;0.000000;0.860000;-0.980000;17:44:01:413598;
287;61706;0;0.000000;-5.000000;0;0.000000;-0.050000;0.000000;0.860000;-1.030000;17:44:01:674556;
288;61965;0;0.000000;-1.000000;0;0.000000;-0.010000;0.000000;0.860000;-1.040000;17:44:01:932974;
289;62203;0;0.000000;0.000000;0;0.000000;0.000000;0.000000;0.860000;-1.040000;17:44:02:171821;
290;62472;0;0.000000;3.000000;0;0.000000;0.030000;0.000000;0.860000;-1.010000;17:44:02:440403;
291;62718;0;3.000000;-3.000000;0;0.030000;-0.030000;0.000000;0.890000;-1.040000;17:44:02:686774;
292;62718;0;19.000000;377.000000;-59;0.030000;-0.030000;0.000000;0.000000;0.000000;17:44:02:686795;
293;62969;0;6.000000;-3.000000;0;0.060000;-0.030000;0.000000;0.950000;-1.070000;17:44:02:936970;
294;63219;0;0.000000;0.000000;0;0.000000;0.000000;0.000000;0.950000;-1.070000;17:44:03:187705;
295;63467;0;-2.000000;5.000000;0;-0.020000;0.050000;0.000000;0.930000;-1.020000;17:44:03:435797;
296;63721;0;0.000000;0.000000;0;0.000000;0.000000;0.000000;0.930000;-1.020000;17:44:03:689490;
297;63993;0;0.000000;1.000000;0;0.000000;0.010000;0.000000;0.930000;-1.010000;17:44:03:961611;
298;64231;0;0.000000;3.000000;0;0.000000;0.030000;0.000000;0.930000;-0.980000;17:44:04:199584;
299;64480;0;0.000000;3.000000;0;0.000000;0.030000;0.000000;0.930000;-0.950000;17:44:04:448694;
300;64722;0;6.000000;1.000000;0;0.060000;0.010000;0.000000;0.990000;-0.940000;17:44:04:689966;
301;64722;0;19.000000;384.000000;-59;0.060000;0.010000;0.000000;0.000000;0.000000;17:44:04:689988;
302;64985;0;5.000000;-3.000000;0;0.050000;-0.030000;0.000000;1.040000;-0.970000;17:44:04:953161;
303;65239;0;2.000000;0.000000;0;0.020000;0.000000;0.000000;1.060000;-0.970000;17:44:05:207622;
304;65496;0;0.000000;0.000000;0;0.000000;0.000000;0.000000;1.060000;-0.970000;17:44:05:464317;
305;65749;0;0.000000;-3.000000;0;0.000000;-0.030000;0.000000;1.060000;-1.000000;17:44:05:717353;
306;65980;0;0.000000;-3.000000;0;0.000000;-0.030000;0.000000;1.060000;-1.030000;17:44:05:948196;
307;66239;0;-3.000000;1.000000;0;-0.030000;0.010000;0.000000;1.030000;-1.020000;17:44:06:206909;
308;66512;0;0.000000;6.000000;0;0.000000;0.060000;0.000000;1.030000;-0.960000;17:44:06:480121;
309;66753;0;1.000000;1.000000;0;0.010000;0.010000;0.000000;1.040000;-0.950000;17:44:06:721254;
310;66753;0;19.000000;380.000000;-59;0.010000;0.010000;0.000000;0.000000;0.000000;17:44:06:721277;
311;67016;0;1.000000;-1.000000;0;0.010000;-0.010000;0.000000;1.050000;-0.960000;17:44:06:984310;
312;67259;0;0.000000;3.000000;0;0.000000;0.030000;0.000000;1.050000;-0.930000;17:44:07:227600;
313;67512;0;0.000000;3.000000;0;0.000000;0.030000;0.000000;1.050000;-0.900000;17:44:07:480583;
314;67759;0;3.000000;3.000000;0;0.030000;0.030000;0.000000;1.080000;-0.870000;17:44:07:727423;
315;67996;0;0.000000;1.000000;0;0.000000;0.010000;0.000000;1.080000;-0.860000;17:44:07:964173;
316;68265;0;-1.000000;1.000000;0;-0.010000;0.010000;0.000000;1.070000;-0.850000;17:44:08:233256;
317;68525;0;-2.000000;6.000000;0;-0.020000;0.060000;0.000000;1.050000;-0.790000;17:44:08:493325;
318;68525;0;18.000000;33.300000;-59;-0.020000;0.060000;0.000000;0.000000;0.000000;17:44:08:493347;
319;68525;0;19.000000;386.000000;-59;-0.020000;0.060000;0.000000;0.000000;0.000000;17:44:08:493354;
320;68779;0;1.000000;-1.000000;0;0.010000;-0.010000;0.000000;1.060000;-0.800000;17:44:08:747463;
321;69013;0;2.000000;-1.000000;0;0.020000;-0.010000;0.000000;1.080000;-0.810000;17:44:08:981663;
322;69271;0;0.000000;0.000000;0;0.000000;0.000000;0.000000;1.080000;-0.810000;17:44:09:239000;
323;69515;0;0.000000;3.000000;0;0.000000;0.030000;0.000000;1.080000;-0.780000;17:44:09:483310;
324;69781;0;0.000000;-3.000000;0;0.000000;-0.030000;0.000000;1.080000;-0.810000;17:44:09:749496;
325;70036;0;-3.000000;1.000000;0;-0.030000;0.010000;0.000000;1.050000;-0.800000;17:44:10:004272;
326;70278;0;-5.000000;5.000000;0;-0.050000;0.050000;0.000000;1.000000;-0.750000;17:44:10:246475;
327;70525;0;0.000000;1.000000;0;0.000000;0.010000;0.000000;1.000000;-0.740000;17:44:10:492803;
328;70174;0;-2.000000;0.000000;0;-0.020000;0.000000;0.000000;-1.880000;1.150000;17:44:09:989215;
329;70431;0;-1.000000;1.000000;0;-0.010000;0.010000;0.000000;-1.889999;1.160000;17:44:10:246546;
330;70677;0;-1.000000;3.000000;0;-0.010000;0.030000;0.000000;-1.899999;1.190000;17:44:10:492485;
331;70677;0;19.000000;366.000000;-59;-0.010000;0.030000;0.000000;0.000000;0.000000;17:44:10:492508;
332;70945;0;0.000000;0.000000;0;0.000000;0.000000;0.000000;-1.899999;1.190000;17:44:10:759803;
333;71193;0;2.000000;0.000000;0;0.020000;0.000000;0.000000;-1.879999;1.190000;17:44:11:008446;
334;71428;0;0.000000;5.000000;0;0.000000;0.050000;0.000000;-1.879999;1.240000;17:44:11:243223;
335;71706;0;-5.000000;-5.000000;0;-0.050000;-0.050000;0.000000;-1.929999;1.190000;17:44:11:521381;
336;71938;0;-2.000000;-5.000000;0;-0.020000;-0.050000;0.000000;-1.949999;1.140000;17:44:11:753048;
337;72196;0;1.000000;-1.000000;0;0.010000;-0.010000;0.000000;-1.940000;1.130000;17:44:12:011588;
338;72431;0;-1.000000;-8.000000;0;-0.010000;-0.080000;0.000000;-1.949999;1.050000;17:44:12:246281;
339;72688;0;-3.000000;0.000000;0;-0.030000;0.000000;0.000000;-1.979999;1.050000;17:44:12:503244;
340;72688;0;19.000000;359.000000;-59;-0.030000;0.000000;0.000000;0.000000;0.000000;17:44:12:503267;
341;72940;0;-3.000000;-1.000000;0;-0.030000;-0.010000;0.000000;-2.009999;1.040000;17:44:12:755292;
342;73211;0;0.000000;3.000000;0;0.000000;0.030000;0.000000;-2.009999;1.070000;17:44:13:025796;
343;73462;0;1.000000;1.000000;0;0.010000;0.010000;0.000000;-1.999999;1.080000;17:44:13:277036;
344;73693;0;0.000000;1.000000;0;0.000000;0.010000;0.000000;-1.999999;1.090000;17:44:13:508489;
345;73944;0;-1.000000;3.000000;0;-0.010000;0.030000;0.000000;-2.009999;1.120000;17:44:13:759448;
346;74210;0;-2.000000;0.000000;0;-0.020000;0.000000;0.000000;-2.029999;1.120000;17:44:14:025425;
347;74464;0;0.000000;5.000000;0;0.000000;0.050000;0.000000;-2.029999;1.170000;17:44:14:279185;
348;74720;0;-2.000000;0.000000;0;-0.020000;0.000000;0.000000;-2.049999;1.170000;17:44:14:535272;
349;74720;0;19.000000;365.000000;-59;-0.020000;0.000000;0.000000;0.000000;0.000000;17:44:14:535292;
350;74968;0;-1.000000;0.000000;0;-0.010000;0.000000;0.000000;-2.059999;1.170000;17:44:14:783259;
351;75202;0;0.000000;0.000000;0;0.000000;0.000000;0.000000;-2.059999;1.170000;17:44:15:017477;
352;75456;0;2.000000;0.000000;0;0.020000;0.000000;0.000000;-2.039999;1.170000;17:44:15:271242;
353;75725;0;0.000000;-3.000000;0;0.000000;-0.030000;0.000000;-2.039999;1.140000;17:44:15:540474;
354;75980;0;0.000000;-3.000000;0;0.000000;-0.030000;0.000000;-2.039999;1.110000;17:44:15:795398;
355;76232;0;0.000000;-3.000000;0;0.000000;-0.030000;0.000000;-2.039999;1.080000;17:44:16:047476;
356;76483;0;1.000000;-6.000000;0;0.010000;-0.060000;0.000000;-2.029999;1.020000;17:44:16:298392;
357;76716;0;1.000000;-6.000000;0;0.010000;-0.060000;0.000000;-2.019999;0.960000;17:44:16:530825;
358;76716;0;19.000000;358.000000;-59;0.010000;-0.060000;0.000000;0.000000;0.000000;17:44:16:530850;
359;76987;0;0.000000;-1.000000;0;0.000000;-0.010000;0.000000;-2.019999;0.950000;17:44:16:801657;
360;77239;0;1.000000;3.000000;0;0.010000;0.030000;0.000000;-2.009999;0.980000;17:44:17:053555;
361;77480;0;0.000000;3.000000;0;0.000000;0.030000;0.000000;-2.009999;1.010000;17:44:17:294673;
362;77749;0;0.000000;-1.000000;0;0.000000;-0.010000;0.000000;-2.009999;1.000000;17:44:17:563932;
363;77995;0;0.000000;-1.000000;0;0.000000;-0.010000;0.000000;-2.009999;0.990000;17:44:17:810379;
364;78230;0;1.000000;-1.000000;0;0.010000;-0.010000;0.000000;-1.999999;0.980000;17:44:18:044806;
365;78481;0;0.000000;-5.000000;0;0.000000;-0.050000;0.000000;-1.999999;0.930000;17:44:18:295501;
366;78754;0;-2.000000;-1.000000;0;-0.020000;-0.010000;0.000000;-2.019999;0.920000;17:44:18:568936;
367;78754;0;19.000000;364.000000;-59;-0.020000;-0.010000;0.000000;0.000000;0.000000;17:44:18:568956;
368;79004;0;-1.000000;-3.000000;0;-0.010000;-0.030000;0.000000;-2.029999;0.890000;17:44:18:819265;
369;79257;0;-2.000000;0.000000;0;-0.020000;0.000000;0.000000;-2.049999;0.890000;17:44:19:072134;
370;79503;0;-3.000000;1.000000;0;-0.030000;0.010000;0.000000;-2.079999;0.900000;17:44:19:317674;
371;79765;0;-1.000000;3.000000;0;-0.010000;0.030000;0.000000;-2.089999;0.930000;17:44:19:580079;
372;80000;0;0.000000;-3.000000;0;0.000000;-0.030000;0.000000;-2.089999;0.900000;17:44:19:815288;
373;80263;0;0.000000;-5.000000;0;0.000000;-0.050000;0.000000;-2.089999;0.850000;17:44:20:077802;
374;80502;0;-1.000000;3.000000;0;-0.010000;0.030000;0.000000;-2.099999;0.880000;17:44:20:317234;
375;80778;0;-2.000000;5.000000;0;-0.020000;0.050000;0.000000;-2.119999;0.930000;17:44:20:593040;
376;80778;0;19.000000;362.000000;-59;-0.020000;0.050000;0.000000;0.000000;0.000000;17:44:20:593060;
377;81013;0;-5.000000;5.000000;0;-0.050000;0.050000;0.000000;-2.169999;0.980000;17:44:20:827492;
378;81262;0;-5.000000;5.000000;0;-0.050000;0.050000;0.000000;-2.219999;1.030000;17:44:21:077294;
379;81504;0;-5.000000;5.000000;0;-0.050000;0.050000;0.000000;-2.269999;1.080000;17:44:21:319284;
380;81777;0;-5.000000;1.000000;0;-0.050000;0.010000;0.000000;-2.319999;1.090000;17:44:21:591916;
381;82035;0;-2.000000;5.000000;0;-0.020000;0.050000;0.000000;-2.339999;1.140000;17:44:21:850372;
382;82293;0;0.000000;5.000000;0;0.000000;0.050000;0.000000;-2.339999;1.190000;17:44:22:107761;
383;82534;0;0.000000;3.000000;0;0.000000;0.030000;0.000000;-2.339999;1.220000;17:44:22:348844;
384;82782;0;0.000000;3.000000;0;0.000000;0.030000;0.000000;-2.339999;1.250000;17:44:22:596686;
385;82782;0;18.000000;32.900000;-59;0.000000;0.030000;0.000000;0.000000;0.000000;17:44:22:596707;
386;82782;0;19.000000;372.000000;-59;0.000000;0.030000;0.000000;0.000000;0.000000;17:44:22:596713;
387;83031;0;0.000000;5.000000;0;0.000000;0.050000;0.000000;-2.339999;1.300000;17:44:22:845878;
388;83277;0;0.000000;3.000000;0;0.000000;0.030000;0.000000;-2.339999;1.330000;17:44:23:092118;
389;83527;0;3.000000;6.000000;0;0.030000;0.060000;0.000000;-2.309999;1.390000;17:44:23:342038;
390;83799;0;1.000000;-3.000000;0;0.010000;-0.030000;0.000000;-2.299999;1.360000;17:44:23:613663;
391;84036;0;0.000000;-3.000000;0;0.000000;-0.030000;0.000000;-2.299999;1.330000;17:44:23:851002;
392;84280;0;0.000000;-1.000000;0;0.000000;-0.010000;0.000000;-2.299999;1.320000;17:44:24:095132;
393;84548;0;0.000000;-3.000000;0;0.000000;-0.030000;0.000000;-2.299999;1.290000;17:44:24:363260;
394;84782;0;0.000000;1.000000;0;0.000000;0.010000;0.000000;-2.299999;1.300000;17:44:24:596300;
395;84782;0;18.000000;33.000000;-59;0.000000;0.010000;0.000000;0.000000;0.000000;17:44:24:596323;
396;84782;0;19.000000;365.000000;-59;0.000000;0.010000;0.000000;0.000000;0.000000;17:44:24:596331;
397;85057;0;0.000000;0.000000;0;0.000000;0.000000;0.000000;-2.299999;1.300000;17:44:24:871560;
398;85302;0;-4.000000;-3.000000;0;-0.040000;-0.030000;0.000000;-2.339999;1.270000;17:44:25:117320;
399;85558;0;0.000000;-1.000000;0;0.000000;-0.010000;0.000000;-2.339999;1.260000;17:44:25:373047;
400;85793;0;3.000000;-1.000000;0;0.030000;-0.010000;0.000000;-2.309999;1.250000;17:44:25:607459;
401;86056;0;2.000000;-1.000000;0;0.020000;-0.010000;0.000000;-2.289999;1.240000;17:44:25:870360;
402;86315;0;0.000000;5.000000;0;0.000000;0.050000;0.000000;-2.289999;1.290000;17:44:26:129745;
403;86551;0;0.000000;1.000000;0;0.000000;0.010000;0.000000;-2.289999;1.300000;17:44:26:365677;
404;86822;0;2.000000;3.000000;0;0.020000;0.030000;0.000000;-2.269999;1.330000;17:44:26:636371;
405;86822;0;19.000000;361.000000;-59;0.020000;0.030000;0.000000;0.000000;0.000000;17:44:26:636391;
406;87072;0;1.000000;-3.000000;0;0.010000;-0.030000;0.000000;-2.259999;1.300000;17:44:26:886789;
407;87305;0;0.000000;-3.000000;0;0.000000;-0.030000;0.000000;-2.259999;1.270000;17:44:27:119478;
408;87569;0;-1.000000;5.000000;0;-0.010000;0.050000;0.000000;-2.269999;1.320000;17:44:27:383540;
409;87813;0;-1.000000;1.000000;0;-0.010000;0.010000;0.000000;-2.279999;1.330000;17:44:27:627370;
410;88072;0;-1.000000;5.000000;0;-0.010000;0.050000;0.000000;-2.289999;1.380000;17:44:27:886404;
411;88339;0;0.000000;1.000000;0;0.000000;0.010000;0.000000;-2.289999;1.390000;17:44:28:153274;
412;88589;0;0.000000;-1.000000;0;0.000000;-0.010000;0.000000;-2.289999;1.380000;17:44:28:403281;
413;88822;0;-1.000000;-1.000000;0;-0.010000;-0.010000;0.000000;-2.299999;1.370000;17:44:28:636687;
414;88822;0;19.000000;366.000000;-59;-0.010000;-0.010000;0.000000;0.000000;0.000000;17:44:28:636711;
415;89068;0;0.000000;-1.000000;0;0.000000;-0.010000;0.000000;-2.299999;1.360000;17:44:28:882206;
416;89321;0;0.000000;3.000000;0;0.000000;0.030000;0.000000;-2.299999;1.390000;17:44:29:135940;
417;89596;0;2.000000;-3.000000;0;0.020000;-0.030000;0.000000;-2.279999;1.360000;17:44:29:410572;
418;89830;0;0.000000;-3.000000;0;0.000000;-0.030000;0.000000;-2.279999;1.330000;17:44:29:644567;
419;90104;0;0.000000;0.000000;0;0.000000;0.000000;0.000000;-2.279999;1.330000;17:44:29:918581;
420;90341;0;0.000000;0.000000;0;0.000000;0.000000;0.000000;-2.279999;1.330000;17:44:30:155933;
421;90600;0;-5.000000;3.000000;0;-0.050000;0.030000;0.000000;-2.329999;1.360000;17:44:30:414791;
422;90833;0;-2.000000;3.000000;0;-0.020000;0.030000;0.000000;-2.349999;1.390000;17:44:30:647654;
423;90833;0;19.000000;359.000000;-59;-0.020000;0.030000;0.000000;0.000000;0.000000;17:44:30:647675;
424;91105;0;-3.000000;8.000000;0;-0.030000;0.080000;0.000000;-2.379999;1.470000;17:44:30:919172;
425;91353;0;-1.000000;8.000000;0;-0.010000;0.080000;0.000000;-2.389999;1.550000;17:44:31:168028;
426;91604;0;1.000000;5.000000;0;0.010000;0.050000;0.000000;-2.379999;1.600000;17:44:31:418345;
427;91845;0;1.000000;5.000000;0;0.010000;0.050000;0.000000;-2.369999;1.650000;17:44:31:659904;
428;92104;0;3.000000;5.000000;0;0.030000;0.050000;0.000000;-2.339999;1.700000;17:44:31:918560;
429;92363;0;-3.000000;5.000000;0;-0.030000;0.050000;0.000000;-2.369999;1.750001;17:44:32:177165;
430;92612;0;-1.000000;-5.000000;0;-0.010000;-0.050000;0.000000;-2.379999;1.700000;17:44:32:426654;
431;92869;0;-1.000000;-6.000000;0;-0.010000;-0.060000;0.000000;-2.389999;1.640000;17:44:32:683967;
432;92869;0;19.000000;368.000000;-59;-0.010000;-0.060000;0.000000;0.000000;0.000000;17:44:32:683988;
433;93107;0;0.000000;-6.000000;0;0.000000;-0.060000;0.000000;-2.389999;1.580001;17:44:32:921540;
434;93363;0;2.000000;1.000000;0;0.020000;0.010000;0.000000;-2.369999;1.590000;17:44:33:177328;
435;93623;0;-3.000000;1.000000;0;-0.030000;0.010000;0.000000;-2.399999;1.600000;17:44:33:438050;
436;93855;0;-1.000000;0.000000;0;-0.010000;0.000000;0.000000;-2.409999;1.600000;17:44:33:669464;
437;94120;0;0.000000;3.000000;0;0.000000;0.030000;0.000000;-2.409999;1.630000;17:44:33:934137;
438;94386;0;-3.000000;0.000000;0;-0.030000;0.000000;0.000000;-2.439999;1.630000;17:44:34:200935;
439;94629;0;-3.000000;-3.000000;0;-0.030000;-0.030000;0.000000;-2.469999;1.600000;17:44:34:443436;
440;94878;0;0.000000;-3.000000;0;0.000000;-0.030000;0.000000;-2.469999;1.570000;17:44:34:692965;
441;94878;0;19.000000;358.000000;-59;0.000000;-0.030000;0.000000;0.000000;0.000000;17:44:34:692987;
442;95119;0;5.000000;-5.000000;0;0.050000;-0.050000;0.000000;-2.419999;1.520000;17:44:34:933798;
443;95391;0;3.000000;5.000000;0;0.030000;0.050000;0.000000;-2.389999;1.570000;17:44:35:205715;
444;95645;0;0.000000;-1.000000;0;0.000000;-0.010000;0.000000;-2.389999;1.560000;17:44:35:459757;
445;95883;0;0.000000;-3.000000;0;0.000000;-0.030000;0.000000;-2.389999;1.530000;17:44:35:697362;
446;96141;0;0.000000;0.000000;0;0.000000;0.000000;0.000000;-2.389999;1.530000;17:44:35:955368;
447;96373;0;0.000000;0.000000;0;0.000000;0.000000;0.000000;-2.389999;1.530000;17:44:36:187819;
448;96637;0;0.000000;-5.000000;0;0.000000;-0.050000;0.000000;-2.389999;1.480000;17:44:36:451343;
449;96905;0;2.000000;-3.000000;0;0.020000;-0.030000;0.000000;-2.369999;1.450000;17:44:36:719822;
450;97147;0;0.000000;3.000000;0;0.000000;0.030000;0.000000;-2.369999;1.480000;17:44:36:961259;
451;97406;0;-3.000000;3.000000;0;-0.030000;0.030000;0.000000;-2.399999;1.510000;17:44:37:220838;
452;97660;0;-1.000000;0.000000;0;-0.010000;0.000000;0.000000;-2.409999;1.510000;17:44:37:474396;
453;97903;0;1.000000;0.000000;0;0.010000;0.000000;0.000000;-2.399999;1.510000;17:44:37:717699;
454;98161;0;0.000000;-5.000000;0;0.000000;-0.050000;0.000000;-2.399999;1.460000;17:44:37:975297;
455;98405;0;-1.000000;-6.000000;0;-0.010000;-0.060000;0.000000;-2.409999;1.400000;17:44:38:219888;
456;98653;0;0.000000;0.000000;0;0.000000;0.000000;0.000000;-2.409999;1.400000;17:44:38:467475;
457;98903;0;2.000000;3.000000;0;0.020000;0.030000;0.000000;-2.390000;1.430000;17:44:38:717200;
458;98903;0;19.000000;355.000000;-59;0.020000;0.030000;0.000000;0.000000;0.000000;17:44:38:717223;
459;99160;0;-1.000000;0.000000;0;-0.010000;0.000000;0.000000;-2.400000;1.430000;17:44:38:974596;
460;99408;0;0.000000;0.000000;0;0.000000;0.000000;0.000000;-2.400000;1.430000;17:44:39:222745;
461;99675;0;0.000000;-1.000000;0;0.000000;-0.010000;0.000000;-2.400000;1.420000;17:44:39:489834;
462;99919;0;2.000000;3.000000;0;0.020000;0.030000;0.000000;-2.380000;1.450000;17:44:39:733415;
463;100172;0;4.000000;-1.000000;0;0.040000;-0.010000;0.000000;-2.340000;1.440000;17:44:39:986395;
464;100436;0;1.000000;0.000000;0;0.010000;0.000000;0.000000;-2.330000;1.440000;17:44:40:250595;
465;100683;0;0.000000;0.000000;0;0.000000;0.000000;0.000000;-2.330000;1.440000;17:44:40:497267;
466;100930;0;-2.000000;0.000000;0;-0.020000;0.000000;0.000000;-2.350000;1.440000;17:44:40:744174;
467;100930;0;19.000000;361.000000;-59;-0.020000;0.000000;0.000000;0.000000;0.000000;17:44:40:744196;
468;101165;0;0.000000;0.000000;0;0.000000;0.000000;0.000000;-2.350000;1.440000;17:44:40:979268;
469;101421;0;0.000000;-6.000000;0;0.000000;-0.060000;0.000000;-2.350000;1.380000;17:44:41:235714;
470;101680;0;-1.000000;-5.000000;0;-0.010000;-0.050000;0.000000;-2.360000;1.330000;17:44:41:494341;
471;101935;0;0.000000;-3.000000;0;0.000000;-0.030000;0.000000;-2.360000;1.300000;17:44:41:749170;
472;102204;0;2.000000;-6.000000;0;0.020000;-0.060000;0.000000;-2.340000;1.240000;17:44:42:018249;
473;102430;0;2.000000;-6.000000;0;0.020000;-0.060000;0.000000;-2.320000;1.180000;17:44:42:244747;
474;102681;0;1.000000;-5.000000;0;0.010000;-0.050000;0.000000;-2.310000;1.130000;17:44:42:495267;
475;102941;0;2.000000;-3.000000;0;0.020000;-0.030000;0.000000;-2.290000;1.100000;17:44:42:755305;
476;102941;0;18.000000;33.100000;-59;0.020000;-0.030000;0.000000;0.000000;0.000000;17:44:42:755325;
477;102941;0;19.000000;351.000000;-59;0.020000;-0.030000;0.000000;0.000000;0.000000;17:44:42:755330;
478;103192;0;0.000000;-5.000000;0;0.000000;-0.050000;0.000000;-2.290000;1.050000;17:44:43:006281;
479;103435;0;2.000000;0.000000;0;0.020000;0.000000;0.000000;-2.270000;1.050000;17:44:43:249356;
480;103701;0;-1.000000;5.000000;0;-0.010000;0.050000;0.000000;-2.280000;1.100000;17:44:43:515193;
481;103946;0;-1.000000;1.000000;0;-0.010000;0.010000;0.000000;-2.290000;1.110000;17:44:43:760625;
482;104208;0;0.000000;3.000000;0;0.000000;0.030000;0.000000;-2.290000;1.140000;17:44:44:021932;
483;104454;0;0.000000;-1.000000;0;0.000000;-0.010000;0.000000;-2.290000;1.130000;17:44:44:268364;
484;104707;0;6.000000;-1.000000;0;0.060000;-0.010000;0.000000;-2.230000;1.120000;17:44:44:521502;
485;104967;0;4.000000;-5.000000;0;0.040000;-0.050000;0.000000;-2.190000;1.070000;17:44:44:781041;
486;104967;0;18.000000;32.900000;-59;0.040000;-0.050000;0.000000;0.000000;0.000000;17:44:44:781062;
487;104967;0;19.000000;365.000000;-59;0.040000;-0.050000;0.000000;0.000000;0.000000;17:44:44:781068;
488;105215;0;4.000000;-5.000000;0;0.040000;-0.050000;0.000000;-2.150000;1.020000;17:44:45:029595;
489;105449;0;4.000000;-5.000000;0;0.040000;-0.050000;0.000000;-2.110000;0.970000;17:44:45:263280;
490;105711;0;4.000000;-6.000000;0;0.040000;-0.060000;0.000000;-2.070000;0.910000;17:44:45:525703;
491;105965;0;2.000000;-3.000000;0;0.020000;-0.030000;0.000000;-2.050000;0.880000;17:44:45:779333;
492;106219;0;0.000000;-1.000000;0;0.000000;-0.010000;0.000000;-2.050000;0.870000;17:44:46:033478;
493;106467;0;0.000000;-1.000000;0;0.000000;-0.010000;0.000000;-2.050000;0.860000;17:44:46:280993;
494;106724;0;0.000000;-1.000000;0;0.000000;-0.010000;0.000000;-2.050000;0.850000;17:44:46:538369;
495;106974;0;0.000000;-1.000000;0;0.000000;-0.010000;0.000000;-2.050000;0.840000;17:44:46:788496;
496;106974;0;18.000000;33.000000;-59;0.000000;-0.010000;0.000000;0.000000;0.000000;17:44:46:788526;
497;106974;0;19.000000;358.000000;-59;0.000000;-0.010000;0.000000;0.000000;0.000000;17:44:46:788532;
498;107221;0;-1.000000;-5.000000;0;-0.010000;-0.050000;0.000000;-2.060000;0.790000;17:44:47:035552;
499;107465;0;-3.000000;-3.000000;0;-0.030000;-0.030000;0.000000;-2.090000;0.760000;17:44:47:279235;
500;107733;0;-1.000000;0.000000;0;-0.010000;0.000000;0.000000;-2.100000;0.760000;17:44:47:547419;
501;107983;0;1.000000;1.000000;0;0.010000;0.010000;0.000000;-2.090000;0.770000;17:44:47:797121;
502;108233;0;-1.000000;0.000000;0;-0.010000;0.000000;0.000000;-2.100000;0.770000;17:44:48:047348;
503;108490;0;0.000000;0.000000;0;0.000000;0.000000;0.000000;-2.100000;0.770000;17:44:48:304653;
504;108736;0;2.000000;-3.000000;0;0.020000;-0.030000;0.000000;-2.080000;0.740000;17:44:48:550257;
505;108998;0;3.000000;-1.000000;0;0.030000;-0.010000;0.000000;-2.050000;0.730000;17:44:48:812062;
506;108998;0;19.000000;360.000000;-59;0.030000;-0.010000;0.000000;0.000000;0.000000;17:44:48:812085;
507;109248;0;3.000000;1.000000;0;0.030000;0.010000;0.000000;-2.020000;0.740000;17:44:49:061755;
508;109483;0;1.000000;1.000000;0;0.010000;0.010000;0.000000;-2.010000;0.750000;17:44:49:297386;
509;109752;0;2.000000;0.000000;0;0.020000;0.000000;0.000000;-1.990000;0.750000;17:44:49:565859;
510;109979;0;-2.000000;-1.000000;0;-0.020000;-0.010000;0.000000;-2.010000;0.740000;17:44:49:793407;
511;110249;0;-1.000000;-6.000000;0;-0.010000;-0.060000;0.000000;-2.020000;0.680000;17:44:50:063546;
512;110513;0;-2.000000;-3.000000;0;-0.020000;-0.030000;0.000000;-2.040000;0.650000;17:44:50:326928;
513;110743;0;-5.000000;-6.000000;0;-0.050000;-0.060000;0.000000;-2.090000;0.590000;17:44:50:557384;
514;111007;0;-1.000000;0.000000;0;-0.010000;0.000000;0.000000;-2.100000;0.590000;17:44:50:820788;
515;111007;0;19.000000;357.000000;-59;-0.010000;0.000000;0.000000;0.000000;0.000000;17:44:50:820810;
516;111252;0;0.000000;-3.000000;0;0.000000;-0.030000;0.000000;-2.100000;0.560000;17:44:51:065873;
517;111503;0;1.000000;0.000000;0;0.010000;0.000000;0.000000;-2.090000;0.560000;17:44:51:317329;
518;111760;0;0.000000;0.000000;0;0.000000;0.000000;0.000000;-2.090000;0.560000;17:44:51:574203;
519;112018;0;1.000000;5.000000;0;0.010000;0.050000;0.000000;-2.080000;0.610000;17:44:51:832237;
520;112273;0;2.000000;0.000000;0;0.020000;0.000000;0.000000;-2.060000;0.610000;17:44:52:086665;
521;112531;0;1.000000;0.000000;0;0.010000;0.000000;0.000000;-2.050000;0.610000;17:44:52:345495;
522;112777;0;0.000000;-1.000000;0;0.000000;-0.010000;0.000000;-2.050000;0.600000;17:44:52:591549;
523;113006;0;-1.000000;-1.000000;0;-0.010000;-0.010000;0.000000;-2.060000;0.590000;17:44:52:819958;
524;113006;0;19.000000;363.000000;-59;-0.010000;-0.010000;0.000000;0.000000;0.000000;17:44:52:819977;
525;113280;0;-2.000000;0.000000;0;-0.020000;0.000000;0.000000;-2.080000;0.590000;17:44:53:094113;
526;113523;0;0.000000;1.000000;0;0.000000;0.010000;0.000000;-2.080000;0.600000;17:44:53:336865;
527;113778;0;2.000000;0.000000;0;0.020000;0.000000;0.000000;-2.060000;0.600000;17:44:53:592389;
528;114035;0;0.000000;-1.000000;0;0.000000;-0.010000;0.000000;-2.060000;0.590000;17:44:53:849019;
529;114297;0;1.000000;3.000000;0;0.010000;0.030000;0.000000;-2.050000;0.620000;17:44:54:110905;
530;114521;0;2.000000;3.000000;0;0.020000;0.030000;0.000000;-2.030000;0.650000;17:44:54:335165;
531;114787;0;3.000000;-5.000000;0;0.030000;-0.050000;0.000000;-2.000000;0.600000;17:44:54:601104;
532;115042;0;0.000000;-5.000000;0;0.000000;-0.050000;0.000000;-2.000000;0.550000;17:44:54:856097;
533;115042;0;19.000000;361.000000;-59;0.000000;-0.050000;0.000000;0.000000;0.000000;17:44:54:856115;
534;115293;0;1.000000;-10.000000;0;0.010000;-0.100000;0.000000;-1.990000;0.450000;17:44:55:107213;
535;115547;0;0.000000;-3.000000;0;0.000000;-0.030000;0.000000;-1.990000;0.420000;17:44:55:360586;
536;115793;0;0.000000;-3.000000;0;0.000000;-0.030000;0.000000;-1.990000;0.390000;17:44:55:607403;
537;116043;0;1.000000;-3.000000;0;0.010000;-0.030000;0.000000;-1.980000;0.360000;17:44:55:856833;
538;116281;0;-2.000000;1.000000;0;-0.020000;0.010000;0.000000;-2.000000;0.370000;17:44:56:095427;
539;116550;0;0.000000;3.000000;0;0.000000;0.030000;0.000000;-2.000000;0.400000;17:44:56:363712;
540;116792;0;0.000000;3.000000;0;0.000000;0.030000;0.000000;-2.000000;0.430000;17:44:56:606228;
541;117063;0;-1.000000;5.000000;0;-0.010000;0.050000;0.000000;-2.010000;0.480000;17:44:56:877344;
542;117063;0;19.000000;359.000000;-59;-0.010000;0.050000;0.000000;0.000000;0.000000;17:44:56:877362;
543;117300;0;0.000000;5.000000;0;0.000000;0.050000;0.000000;-2.010000;0.530000;17:44:57:113821;
544;117553;0;0.000000;3.000000;0;0.000000;0.030000;0.000000;-2.010000;0.560000;17:44:57:366964;
545;117805;0;1.000000;-3.000000;0;0.010000;-0.030000;0.000000;-2.000000;0.530000;17:44:57:619032;
546;118063;0;1.000000;-1.000000;0;0.010000;-0.010000;0.000000;-1.990000;0.520000;17:44:57:877156;
547;118312;0;5.000000;-3.000000;0;0.050000;-0.030000;0.000000;-1.940000;0.490000;17:44:58:126217;
548;118566;0;2.000000;-5.000000;0;0.020000;-0.050000;0.000000;-1.919999;0.440000;17:44:58:380028;
549;118825;0;1.000000;-5.000000;0;0.010000;-0.050000;0.000000;-1.910000;0.390000;17:44:58:638780;
550;119069;0;0.000000;-1.000000;0;0.000000;-0.010000;0.000000;-1.910000;0.380000;17:44:58:882989;
551;119069;0;19.000000;360.000000;-59;0.000000;-0.010000;0.000000;0.000000;0.000000;17:44:58:883014;
552;119309;0;-3.000000;1.000000;0;-0.030000;0.010000;0.000000;-1.940000;0.390000;17:44:59:123005;
553;119578;0;-1.000000;-1.000000;0;-0.010000;-0.010000;0.000000;-1.949999;0.380000;17:44:59:392010;
554;119837;0;-2.000000;0.000000;0;-0.020000;0.000000;0.000000;-1.969999;0.380000;17:44:59:651111;
555;120072;0;-1.000000;0.000000;0;-0.010000;0.000000;0.000000;-1.979999;0.380000;17:44:59:885493;
556;120335;0;-2.000000;-3.000000;0;-0.020000;-0.030000;0.000000;-1.999999;0.350000;17:45:00:148836;
557;120570;0;0.000000;-3.000000;0;0.000000;-0.030000;0.000000;-1.999999;0.320000;17:45:00:384217;
558;120835;0;2.000000;-1.000000;0;0.020000;-0.010000;0.000000;-1.979999;0.310000;17:45:00:649023;
559;121090;0;0.000000;1.000000;0;0.000000;0.010000;0.000000;-1.979999;0.320000;17:45:00:904222;
560;121090;0;18.000000;32.900000;-59;0.000000;0.010000;0.000000;0.000000;0.000000;17:45:00:904244;
561;121090;0;19.000000;361.000000;-59;0.000000;0.010000;0.000000;0.000000;0.000000;17:45:00:904251;
562;121332;0;2.000000;-3.000000;0;0.020000;-0.030000;0.000000;-1.960000;0.290000;17:45:01:145847;
563;121582;0;3.000000;-1.000000;0;0.030000;-0.010000;0.000000;-1.930000;0.280000;17:45:01:395712;
564;121840;0;2.000000;1.000000;0;0.020000;0.010000;0.000000;-1.910000;0.290000;17:45:01:654080;
565;122077;0;3.000000;1.000000;0;0.030000;0.010000;0.000000;-1.880000;0.300000;17:45:01:891049;
566;122349;0;1.000000;0.000000;0;0.010000;0.000000;0.000000;-1.870000;0.300000;17:45:02:163179;
567;122594;0;0.000000;-1.000000;0;0.000000;-0.010000;0.000000;-1.870000;0.290000;17:45:02:408211;
568;122844;0;0.000000;0.000000;0;0.000000;0.000000;0.000000;-1.870000;0.290000;17:45:02:657501;
569;123107;0;0.000000;-3.000000;0;0.000000;-0.030000;0.000000;-1.870000;0.260000;17:45:02:920678;
570;123107;0;18.000000;33.000000;-59;0.000000;-0.030000;0.000000;0.000000;0.000000;17:45:02:920700;
571;123107;0;19.000000;360.000000;-59;0.000000;-0.030000;0.000000;0.000000;0.000000;17:45:02:920707;
572;123354;0;2.000000;-1.000000;0;0.020000;-0.010000;0.000000;-1.850000;0.250000;17:45:03:167436;
573;123610;0;0.000000;-1.000000;0;0.000000;-0.010000;0.000000;-1.850000;0.240000;17:45:03:424233;
574;123853;0;0.000000;-13.000000;0;0.000000;-0.130000;0.000000;-1.850000;0.110000;17:45:03:667241;
575;124097;0;-1.000000;-6.000000;0;-0.010000;-0.060000;0.000000;-1.859999;0.050000;17:45:03:910711;
576;124373;0;-1.000000;0.000000;0;-0.010000;0.000000;0.000000;-1.869999;0.050000;17:45:04:187037;
577;124628;0;1.000000;0.000000;0;0.010000;0.000000;0.000000;-1.859999;0.050000;17:45:04:441475;
578;124880;0;0.000000;1.000000;0;0.000000;0.010000;0.000000;-1.859999;0.060000;17:45:04:693994;
579;125114;0;1.000000;1.000000;0;0.010000;0.010000;0.000000;-1.850000;0.070000;17:45:04:927884;
580;125114;0;19.000000;358.000000;-59;0.010000;0.010000;0.000000;0.000000;0.000000;17:45:04:927907;
581;125377;0;0.000000;0.000000;0;0.000000;0.000000;0.000000;-1.850000;0.070000;17:45:05:190853;
582;125627;0;-1.000000;0.000000;0;-0.010000;0.000000;0.000000;-1.859999;0.070000;17:45:05:440957;
583;125872;0;-1.000000;0.000000;0;-0.010000;0.000000;0.000000;-1.869999;0.070000;17:45:05:686060;
584;126115;0;-4.000000;6.000000;0;-0.040000;0.060000;0.000000;-1.909999;0.130000;17:45:05:928471;
585;126377;0;-2.000000;-5.000000;0;-0.020000;-0.050000;0.000000;-1.929999;0.080000;17:45:06:190288;
586;126635;0;-5.000000;0.000000;0;-0.050000;0.000000;0.000000;-1.979999;0.080000;17:45:06:449226;
587;126882;0;0.000000;-8.000000;0;0.000000;-0.080000;0.000000;-1.979999;0.000000;17:45:06:695461;
588;127145;0;1.000000;-3.000000;0;0.010000;-0.030000;0.000000;-1.969999;-0.030000;17:45:06:958596;
589;127145;0;19.000000;364.000000;-59;0.010000;-0.030000;0.000000;0.000000;0.000000;17:45:06:958623;
590;127392;0;0.000000;-1.000000;0;0.000000;-0.010000;0.000000;-1.969999;-0.040000;17:45:07:206019;
591;127646;0;0.000000;-1.000000;0;0.000000;-0.010000;0.000000;-1.969999;-0.050000;17:45:07:459785;
592;127900;0;0.000000;-5.000000;0;0.000000;-0.050000;0.000000;-1.969999;-0.100000;17:45:07:714195;
593;128147;0;0.000000;-1.000000;0;0.000000;-0.010000;0.000000;-1.969999;-0.110000;17:45:07:960892;
594;128389;0;1.000000;-3.000000;0;0.010000;-0.030000;0.000000;-1.959999;-0.140000;17:45:08:202637;
595;128644;0;0.000000;1.000000;0;0.000000;0.010000;0.000000;-1.959999;-0.130000;17:45:08:457483;
596;128911;0;-4.000000;0.000000;0;-0.040000;0.000000;0.000000;-1.999999;-0.130000;17:45:08:724547;
597;129152;0;0.000000;0.000000;0;0.000000;0.000000;0.000000;-1.999999;-0.130000;17:45:08:965410;
598;129152;0;19.000000;357.000000;-59;0.000000;0.000000;0.000000;0.000000;0.000000;17:45:08:965430;
599;129418;0;1.000000;-1.000000;0;0.010000;-0.010000;0.000000;-1.989999;-0.140000;17:45:09:231434;
600;129646;0;2.000000;-1.000000;0;0.020000;-0.010000;0.000000;-1.969999;-0.150000;17:45:09:460084;
601;129902;0;0.000000;5.000000;0;0.000000;0.050000;0.000000;-1.969999;-0.100000;17:45:09:715201;
602;130145;0;2.000000;5.000000;0;0.020000;0.050000;0.000000;-1.949999;-0.050000;17:45:09:958660;
603;130420;0;2.000000;1.000000;0;0.020000;0.010000;0.000000;-1.929999;-0.040000;17:45:10:234053;
604;130655;0;2.000000;1.000000;0;0.020000;0.010000;0.000000;-1.909999;-0.030000;17:45:10:468856;
605;130919;0;2.000000;3.000000;0;0.020000;0.030000;0.000000;-1.889999;0.000000;17:45:10:732512;
606;131162;0;-2.000000;3.000000;0;-0.020000;0.030000;0.000000;-1.909999;0.030000;17:45:10:975761;
607;131162;0;18.000000;32.900000;-59;-0.020000;0.030000;0.000000;0.000000;0.000000;17:45:10:975786;
608;131162;0;19.000000;368.000000;-59;-0.020000;0.030000;0.000000;0.000000;0.000000;17:45:10:975793;
609;131408;0;-1.000000;1.000000;0;-0.010000;0.010000;0.000000;-1.919999;0.040000;17:45:11:221689;
610;131667;0;-1.000000;-1.000000;0;-0.010000;-0.010000;0.000000;-1.929999;0.030000;17:45:11:480511;
611;131911;0;1.000000;-1.000000;0;0.010000;-0.010000;0.000000;-1.919999;0.020000;17:45:11:724656;
612;132186;0;0.000000;-6.000000;0;0.000000;-0.060000;0.000000;-1.919999;-0.040000;17:45:11:999834;
613;132428;0;1.000000;-6.000000;0;0.010000;-0.060000;0.000000;-1.909999;-0.100000;17:45:12:241824;
614;132675;0;2.000000;0.000000;0;0.020000;0.000000;0.000000;-1.889999;-0.100000;17:45:12:488990;
615;132934;0;0.000000;-5.000000;0;0.000000;-0.050000;0.000000;-1.889999;-0.150000;17:45:12:747458;
616;133191;0;1.000000;-6.000000;0;0.010000;-0.060000;0.000000;-1.879999;-0.210000;17:45:13:004131;
617;133191;0;18.000000;33.000000;-59;0.010000;-0.060000;0.000000;0.000000;0.000000;17:45:13:004151;
618;133191;0;19.000000;357.000000;-59;0.010000;-0.060000;0.000000;0.000000;0.000000;17:45:13:004156;
619;133435;0;1.000000;-1.000000;0;0.010000;-0.010000;0.000000;-1.869999;-0.220000;17:45:13:248947;
620;133687;0;5.000000;-1.000000;0;0.050000;-0.010000;0.000000;-1.819999;-0.230000;17:45:13:501020;
621;133941;0;1.000000;1.000000;0;0.010000;0.010000;0.000000;-1.809999;-0.220000;17:45:13:754413;
622;134176;0;1.000000;3.000000;0;0.010000;0.030000;0.000000;-1.799999;-0.190000;17:45:13:989163;
623;134439;0;0.000000;1.000000;0;0.000000;0.010000;0.000000;-1.799999;-0.180000;17:45:14:252499;
624;134698;0;1.000000;0.000000;0;0.010000;0.000000;0.000000;-1.789999;-0.180000;17:45:14:511266;
625;134950;0;2.000000;6.000000;0;0.020000;0.060000;0.000000;-1.769999;-0.120000;17:45:14:763176;
626;135203;0;-1.000000;5.000000;0;-0.010000;0.050000;0.000000;-1.779999;-0.070000;17:45:15:016662;
627;135203;0;18.000000;32.900000;-59;-0.010000;0.050000;0.000000;0.000000;0.000000;17:45:15:016684;
628;135203;0;19.000000;365.000000;-59;-0.010000;0.050000;0.000000;0.000000;0.000000;17:45:15:016691;
629;135449;0;-2.000000;-1.000000;0;-0.020000;-0.010000;0.000000;-1.799999;-0.080000;17:45:15:262998;
630;135708;0;-2.000000;1.000000;0;-0.020000;0.010000;0.000000;-1.819999;-0.070000;17:45:15:521496;
631;135953;0;0.000000;3.000000;0;0.000000;0.030000;0.000000;-1.819999;-0.040000;17:45:15:766260;
632;136202;0;0.000000;0.000000;0;0.000000;0.000000;0.000000;-1.819999;-0.040000;17:45:16:015901;
633;136459;0;4.000000;-3.000000;0;0.040000;-0.030000;0.000000;-1.779999;-0.070000;17:45:16:272890;
634;136707;0;0.000000;-5.000000;0;0.000000;-0.050000;0.000000;-1.779999;-0.120000;17:45:16:520564;
635;136972;0;0.000000;-5.000000;0;0.000000;-0.050000;0.000000;-1.779999;-0.170000;17:45:16:785944;
636;137210;0;0.000000;-5.000000;0;0.000000;-0.050000;0.000000;-1.779999;-0.220000;17:45:17:023439;
637;137210;0;18.000000;33.000000;-59;0.000000;-0.050000;0.000000;0.000000;0.000000;17:45:17:023459;
638;137210;0;19.000000;359.000000;-59;0.000000;-0.050000;0.000000;0.000000;0.000000;17:45:17:023464;
639;137452;0;0.000000;0.000000;0;0.000000;0.000000;0.000000;-1.779999;-0.220000;17:45:17:265857;
640;137722;0;1.000000;1.000000;0;0.010000;0.010000;0.000000;-1.770000;-0.210000;17:45:17:535747;
641;137977;0;0.000000;1.000000;0;0.000000;0.010000;0.000000;-1.770000;-0.200000;17:45:17:790386;
642;138231;0;0.000000;-3.000000;0;0.000000;-0.030000;0.000000;-1.770000;-0.230000;17:45:18:045001;
643;138477;0;0.000000;-3.000000;0;0.000000;-0.030000;0.000000;-1.770000;-0.260000;17:45:18:290133;
644;138726;0;0.000000;3.000000;0;0.000000;0.030000;0.000000;-1.770000;-0.230000;17:45:18:539491;
645;138980;0;1.000000;3.000000;0;0.010000;0.030000;0.000000;-1.760000;-0.200000;17:45:18:793383;
646;139243;0;4.000000;5.000000;0;0.040000;0.050000;0.000000;-1.720000;-0.150000;17:45:19:055954;
647;139243;0;18.000000;32.900000;-59;0.040000;0.050000;0.000000;0.000000;0.000000;17:45:19:055977;
648;139243;0;19.000000;366.000000;-59;0.040000;0.050000;0.000000;0.000000;0.000000;17:45:19:055985;
649;139486;0;0.000000;5.000000;0;0.000000;0.050000;0.000000;-1.720000;-0.100000;17:45:19:299275;
650;139737;0;-1.000000;-3.000000;0;-0.010000;-0.030000;0.000000;-1.730000;-0.130000;17:45:19:550844;
651;139979;0;2.000000;-3.000000;0;0.020000;-0.030000;0.000000;-1.710000;-0.160000;17:45:19:792575;
652;140234;0;1.000000;0.000000;0;0.010000;0.000000;0.000000;-1.700000;-0.160000;17:45:20:047639;
653;140480;0;0.000000;-3.000000;0;0.000000;-0.030000;0.000000;-1.700000;-0.190000;17:45:20:293661;
654;140753;0;-2.000000;-5.000000;0;-0.020000;-0.050000;0.000000;-1.720000;-0.240000;17:45:20:566734;
655;140993;0;-2.000000;0.000000;0;-0.020000;0.000000;0.000000;-1.740000;-0.240000;17:45:20:806240;
656;140993;0;18.000000;33.000000;-59;-0.020000;0.000000;0.000000;0.000000;0.000000;17:45:20:806260;
657;140993;0;19.000000;364.000000;-59;-0.020000;0.000000;0.000000;0.000000;0.000000;17:45:20:806268;
658;141250;0;-2.000000;0.000000;0;-0.020000;0.000000;0.000000;-1.760000;-0.240000;17:45:21:063271;
659;141491;0;0.000000;-5.000000;0;0.000000;-0.050000;0.000000;-1.760000;-0.290000;17:45:21:304572;
660;141750;0;0.000000;-1.000000;0;0.000000;-0.010000;0.000000;-1.760000;-0.300000;17:45:21:563369;
661;142005;0;-2.000000;0.000000;0;-0.020000;0.000000;0.000000;-1.780000;-0.300000;17:45:21:818004;
662;142246;0;0.000000;1.000000;0;0.000000;0.010000;0.000000;-1.780000;-0.290000;17:45:22:059087;
663;142497;0;0.000000;1.000000;0;0.000000;0.010000;0.000000;-1.780000;-0.280000;17:45:22:310530;
664;142760;0;4.000000;6.000000;0;0.040000;0.060000;0.000000;-1.740000;-0.220000;17:45:22:573352;
665;143003;0;0.000000;3.000000;0;0.000000;0.030000;0.000000;-1.740000;-0.190000;17:45:22:816731;
666;143255;0;0.000000;5.000000;0;0.000000;0.050000;0.000000;-1.740000;-0.140000;17:45:23:068237;
667;143255;0;18.000000;32.900000;-59;0.000000;0.050000;0.000000;0.000000;0.000000;17:45:23:068259;
668;143255;0;19.000000;366.000000;-59;0.000000;0.050000;0.000000;0.000000;0.000000;17:45:23:068267;
669;143500;0;0.000000;3.000000;0;0.000000;0.030000;0.000000;-1.740000;-0.110000;17:45:23:313090;
670;143768;0;-4.000000;6.000000;0;-0.040000;0.060000;0.000000;-1.780000;-0.050000;17:45:23:580907;
671;144025;0;0.000000;-1.000000;0;0.000000;-0.010000;0.000000;-1.780000;-0.060000;17:45:23:838096;
672;144276;0;0.000000;-1.000000;0;0.000000;-0.010000;0.000000;-1.780000;-0.070000;17:45:24:089328;
673;144517;0;0.000000;0.000000;0;0.000000;0.000000;0.000000;-1.780000;-0.070000;17:45:24:330301;
674;144757;0;-4.000000;-1.000000;0;-0.040000;-0.010000;0.000000;-1.820000;-0.080000;17:45:24:570640;
675;145011;0;-4.000000;-3.000000;0;-0.040000;-0.030000;0.000000;-1.860000;-0.110000;17:45:24:824554;
676;145277;0;-3.000000;0.000000;0;-0.030000;0.000000;0.000000;-1.890000;-0.110000;17:45:25:090155;
677;145277;0;18.000000;33.000000;-59;-0.030000;0.000000;0.000000;0.000000;0.000000;17:45:25:090178;
678;145277;0;19.000000;363.000000;-59;-0.030000;0.000000;0.000000;0.000000;0.000000;17:45:25:090184;
679;145529;0;-3.000000;-1.000000;0;-0.030000;-0.010000;0.000000;-1.920000;-0.120000;17:45:25:341812;
680;145773;0;0.000000;8.000000;0;0.000000;0.080000;0.000000;-1.920000;-0.040000;17:45:25:586595;
681;146043;0;-1.000000;1.000000;0;-0.010000;0.010000;0.000000;-1.930000;-0.030000;17:45:25:856720;
682;146287;0;0.000000;1.000000;0;0.000000;0.010000;0.000000;-1.930000;-0.020000;17:45:26:099839;
683;146528;0;0.000000;5.000000;0;0.000000;0.050000;0.000000;-1.930000;0.030000;17:45:26:340811;
684;146799;0;3.000000;1.000000;0;0.030000;0.010000;0.000000;-1.900000;0.040000;17:45:26:612249;
685;147053;0;1.000000;1.000000;0;0.010000;0.010000;0.000000;-1.890000;0.050000;17:45:26:865876;
686;147053;0;18.000000;32.900000;-59;0.010000;0.010000;0.000000;0.000000;0.000000;17:45:26:865897;
687;147053;0;19.000000;365.000000;-59;0.010000;0.010000;0.000000;0.000000;0.000000;17:45:26:865903;
688;147299;0;0.000000;1.000000;0;0.000000;0.010000;0.000000;-1.890000;0.060000;17:45:27:112476;
689;147537;0;0.000000;3.000000;0;0.000000;0.030000;0.000000;-1.890000;0.090000;17:45:27:350756;
690;147792;0;0.000000;1.000000;0;0.000000;0.010000;0.000000;-1.890000;0.100000;17:45:27:604800;
691;148058;0;2.000000;1.000000;0;0.020000;0.010000;0.000000;-1.870000;0.110000;17:45:27:871095;
692;148307;0;0.000000;-3.000000;0;0.000000;-0.030000;0.000000;-1.870000;0.080000;17:45:28:119908;
693;148555;0;0.000000;-1.000000;0;0.000000;-0.010000;0.000000;-1.870000;0.070000;17:45:28:368311;
694;148811;0;0.000000;3.000000;0;0.000000;0.030000;0.000000;-1.870000;0.100000;17:45:28:624657;
695;149060;0;0.000000;1.000000;0;0.000000;0.010000;0.000000;-1.870000;0.110000;17:45:28:873632;
696;149060;0;19.000000;364.000000;-59;0.000000;0.010000;0.000000;0.000000;0.000000;17:45:28:873656;
697;149307;0;2.000000;1.000000;0;0.020000;0.010000;0.000000;-1.850000;0.120000;17:45:29:120284;
698;149569;0;0.000000;-1.000000;0;0.000000;-0.010000;0.000000;-1.850000;0.110000;17:45:29:382565;
699;149819;0;0.000000;-3.000000;0;0.000000;-0.030000;0.000000;-1.850000;0.080000;17:45:29:632116;
700;150060;0;-1.000000;1.000000;0;-0.010000;0.010000;0.000000;-1.859999;0.090000;17:45:29:873289;
701;150326;0;0.000000;6.000000;0;0.000000;0.060000;0.000000;-1.859999;0.150000;17:45:30:139107;
702;150578;0;0.000000;1.000000;0;0.000000;0.010000;0.000000;-1.859999;0.160000;17:45:30:391248;
703;150811;0;-1.000000;1.000000;0;-0.010000;0.010000;0.000000;-1.869999;0.170000;17:45:30:624433;
704;151061;0;-1.000000;-3.000000;0;-0.010000;-0.030000;0.000000;-1.879999;0.140000;17:45:30:874067;
705;151318;0;0.000000;3.000000;0;0.000000;0.030000;0.000000;-1.879999;0.170000;17:45:31:130863;
706;151318;0;19.000000;366.000000;-59;0.000000;0.030000;0.000000;0.000000;0.000000;17:45:31:130889;
707;151584;0;0.000000;5.000000;0;0.000000;0.050000;0.000000;-1.879999;0.220000;17:45:31:397275;
708;151833;0;2.000000;6.000000;0;0.020000;0.060000;0.000000;-1.859999;0.280000;17:45:31:646525;
709;152098;0;2.000000;3.000000;0;0.020000;0.030000;0.000000;-1.839999;0.310000;17:45:31:911379;
710;152323;0;0.000000;3.000000;0;0.000000;0.030000;0.000000;-1.839999;0.340000;17:45:32:136172;
711;152596;0;3.000000;-3.000000;0;0.030000;-0.030000;0.000000;-1.809999;0.310000;17:45:32:409264;
712;152843;0;0.000000;-1.000000;0;0.000000;-0.010000;0.000000;-1.809999;0.300000;17:45:32:656532;
713;153096;0;-1.000000;0.000000;0;-0.010000;0.000000;0.000000;-1.819999;0.300000;17:45:32:909353;
714;153096;0;18.000000;33.000000;-59;-0.010000;0.000000;0.000000;0.000000;0.000000;17:45:32:909374;
715;153347;0;-1.000000;-3.000000;0;-0.010000;-0.030000;0.000000;-1.829999;0.270000;17:45:33:160069;
716;153589;0;3.000000;-1.000000;0;0.030000;-0.010000;0.000000;-1.799999;0.260000;17:45:33:402056;
717;153844;0;3.000000;-10.000000;0;0.030000;-0.100000;0.000000;-1.769999;0.160000;17:45:33:656904;
718;154108;0;0.000000;-3.000000;0;0.000000;-0.030000;0.000000;-1.769999;0.130000;17:45:33:921035;
719;154348;0;-1.000000;0.000000;0;-0.010000;0.000000;0.000000;-1.779999;0.130000;17:45:34:160803;
720;154596;0;-1.000000;1.000000;0;-0.010000;0.010000;0.000000;-1.789999;0.140000;17:45:34:408935;
721;154852;0;0.000000;-1.000000;0;0.000000;-0.010000;0.000000;-1.789999;0.130000;17:45:34:665279;
722;155110;0;2.000000;-3.000000;0;0.020000;-0.030000;0.000000;-1.769999;0.100000;17:45:34:923208;
723;155110;0;19.000000;357.000000;-59;0.020000;-0.030000;0.000000;0.000000;0.000000;17:45:34:923230;
724;155352;0;4.000000;3.000000;0;0.040000;0.030000;0.000000;-1.729999;0.130000;17:45:35:164996;
725;155597;0;0.000000;1.000000;0;0.000000;0.010000;0.000000;-1.729999;0.140000;17:45:35:410057;
726;155851;0;2.000000;5.000000;0;0.020000;0.050000;0.000000;-1.709999;0.190000;17:45:35:663728;
727;156121;0;1.000000;5.000000;0;0.010000;0.050000;0.000000;-1.699999;0.240000;17:45:35:933669;
728;156379;0;0.000000;3.000000;0;0.000000;0.030000;0.000000;-1.699999;0.270000;17:45:36:192483;
729;156617;0;0.000000;0.000000;0;0.000000;0.000000;0.000000;-1.699999;0.270000;17:45:36:430256;
730;156864;0;0.000000;0.000000;0;0.000000;0.000000;0.000000;-1.699999;0.270000;17:45:36:676664;
731;157122;0;0.000000;-1.000000;0;0.000000;-0.010000;0.000000;-1.699999;0.260000;17:45:36:934564;
732;157122;0;18.000000;32.900000;-59;0.000000;-0.010000;0.000000;0.000000;0.000000;17:45:36:934586;
733;157122;0;19.000000;367.000000;-59;0.000000;-0.010000;0.000000;0.000000;0.000000;17:45:36:934593;
734;157384;0;0.000000;-5.000000;0;0.000000;-0.050000;0.000000;-1.699999;0.210000;17:45:37:197288;
735;157639;0;1.000000;0.000000;0;0.010000;0.000000;0.000000;-1.689999;0.210000;17:45:37:452655;
736;157882;0;0.000000;-6.000000;0;0.000000;-0.060000;0.000000;-1.689999;0.150000;17:45:37:695047;
737;158138;0;0.000000;-6.000000;0;0.000000;-0.060000;0.000000;-1.689999;0.090000;17:45:37:951252;
738;158383;0;-2.000000;0.000000;0;-0.020000;0.000000;0.000000;-1.709999;0.090000;17:45:38:196493;
739;158632;0;0.000000;-3.000000;0;0.000000;-0.030000;0.000000;-1.709999;0.060000;17:45:38:444874;
740;158892;0;0.000000;-5.000000;0;0.000000;-0.050000;0.000000;-1.709999;0.010000;17:45:38:704930;
741;159150;0;0.000000;-1.000000;0;0.000000;-0.010000;0.000000;-1.709999;0.000000;17:45:38:962477;
742;159150;0;18.000000;33.000000;-59;0.000000;-0.010000;0.000000;0.000000;0.000000;17:45:38:962496;
743;159150;0;19.000000;358.000000;-59;0.000000;-0.010000;0.000000;0.000000;0.000000;17:45:38:962502;
744;159396;0;0.000000;-1.000000;0;0.000000;-0.010000;0.000000;-1.709999;-0.010000;17:45:39:208959;
745;159637;0;0.000000;3.000000;0;0.000000;0.030000;0.000000;-1.709999;0.020000;17:45:39:449863;
746;159892;0;3.000000;5.000000;0;0.030000;0.050000;0.000000;-1.679999;0.070000;17:45:39:704741;
747;160150;0;-1.000000;1.000000;0;-0.010000;0.010000;0.000000;-1.689999;0.080000;17:45:39:962975;
748;160386;0;-5.000000;1.000000;0;-0.050000;0.010000;0.000000;-1.739999;0.090000;17:45:40:198956;
749;160645;0;0.000000;1.000000;0;0.000000;0.010000;0.000000;-1.739999;0.100000;17:45:40:457654;
750;160916;0;0.000000;0.000000;0;0.000000;0.000000;0.000000;-1.739999;0.100000;17:45:40:729029;
751;161160;0;1.000000;0.000000;0;0.010000;0.000000;0.000000;-1.729999;0.100000;17:45:40:972891;
752;161160;0;18.000000;32.900000;-59;0.010000;0.000000;0.000000;0.000000;0.000000;17:45:40:972912;
753;161160;0;19.000000;366.000000;-59;0.010000;0.000000;0.000000;0.000000;0.000000;17:45:40:972917;
754;161388;0;1.000000;1.000000;0;0.010000;0.010000;0.000000;-1.719999;0.110000;17:45:41:200604;
755;161666;0;0.000000;1.000000;0;0.000000;0.010000;0.000000;-1.719999;0.120000;17:45:41:478845;
756;161911;0;-1.000000;1.000000;0;-0.010000;0.010000;0.000000;-1.729999;0.130000;17:45:41:724069;
757;162152;0;2.000000;-3.000000;0;0.020000;-0.030000;0.000000;-1.709999;0.100000;17:45:41:965145;
758;162408;0;3.000000;-5.000000;0;0.030000;-0.050000;0.000000;-1.679999;0.050000;17:45:42:220632;
759;162665;0;5.000000;-5.000000;0;0.050000;-0.050000;0.000000;-1.629999;0.000000;17:45:42:477720;
760;162924;0;2.000000;-5.000000;0;0.020000;-0.050000;0.000000;-1.609999;-0.050000;17:45:42:736810;
761;163170;0;0.000000;1.000000;0;0.000000;0.010000;0.000000;-1.609999;-0.040000;17:45:42:982621;
762;163170;0;18.000000;33.000000;-59;0.000000;0.010000;0.000000;0.000000;0.000000;17:45:42:982640;
763;163170;0;19.000000;360.000000;-59;0.000000;0.010000;0.000000;0.000000;0.000000;17:45:42:982645;
764;163436;0;0.000000;-1.000000;0;0.000000;-0.010000;0.000000;-1.609999;-0.050000;17:45:43:248418;
765;163674;0;-4.000000;-1.000000;0;-0.040000;-0.010000;0.000000;-1.649999;-0.060000;17:45:43:486487;
766;163930;0;-1.000000;1.000000;0;-0.010000;0.010000;0.000000;-1.659999;-0.050000;17:45:43:742840;
767;164182;0;1.000000;1.000000;0;0.010000;0.010000;0.000000;-1.649999;-0.040000;17:45:43:994667;
768;164435;0;2.000000;1.000000;0;0.020000;0.010000;0.000000;-1.629999;-0.030000;17:45:44:247745;
769;164690;0;2.000000;3.000000;0;0.020000;0.030000;0.000000;-1.609999;0.000000;17:45:44:503050;
770;164928;0;0.000000;3.000000;0;0.000000;0.030000;0.000000;-1.609999;0.030000;17:45:44:740820;
771;165188;0;-3.000000;3.000000;0;-0.030000;0.030000;0.000000;-1.639999;0.060000;17:45:45:001240;
772;165188;0;18.000000;32.900000;-59;-0.030000;0.030000;0.000000;0.000000;0.000000;17:45:45:001264;
773;165188;0;19.000000;365.000000;-59;-0.030000;0.030000;0.000000;0.000000;0.000000;17:45:45:001382;
774;165435;0;0.000000;3.000000;0;0.000000;0.030000;0.000000;-1.639999;0.090000;17:45:45:247473;
775;165693;0;1.000000;3.000000;0;0.010000;0.030000;0.000000;-1.629999;0.120000;17:45:45:505547;
776;165931;0;0.000000;3.000000;0;0.000000;0.030000;0.000000;-1.629999;0.150000;17:45:45:744070;
777;166194;0;0.000000;1.000000;0;0.000000;0.010000;0.000000;-1.629999;0.160000;17:45:46:006780;
778;166435;0;0.000000;0.000000;0;0.000000;0.000000;0.000000;-1.629999;0.160000;17:45:46:247779;
779;166704;0;0.000000;-5.000000;0;0.000000;-0.050000;0.000000;-1.629999;0.110000;17:45:46:517067;
780;166951;0;-1.000000;0.000000;0;-0.010000;0.000000;0.000000;-1.639999;0.110000;17:45:46:764087;
781;167202;0;1.000000;-3.000000;0;0.010000;-0.030000;0.000000;-1.629999;0.080000;17:45:47:014889;
782;167202;0;18.000000;33.000000;-59;0.010000;-0.030000;0.000000;0.000000;0.000000;17:45:47:014909;
783;167202;0;19.000000;361.000000;-59;0.010000;-0.030000;0.000000;0.000000;0.000000;17:45:47:014914;
784;167438;0;0.000000;-3.000000;0;0.000000;-0.030000;0.000000;-1.629999;0.050000;17:45:47:250662;
785;167704;0;-1.000000;-6.000000;0;-0.010000;-0.060000;0.000000;-1.639999;-0.010000;17:45:47:516989;
786;167956;0;2.000000;0.000000;0;0.020000;0.000000;0.000000;-1.619999;-0.010000;17:45:47:768679;
787;168200;0;0.000000;0.000000;0;0.000000;0.000000;0.000000;-1.619999;-0.010000;17:45:48:012732;
788;168464;0;0.000000;1.000000;0;0.000000;0.010000;0.000000;-1.619999;0.000000;17:45:48:277096;
789;168722;0;-5.000000;5.000000;0;-0.050000;0.050000;0.000000;-1.669999;0.050000;17:45:48:535061;
790;168962;0;-1.000000;5.000000;0;-0.010000;0.050000;0.000000;-1.679999;0.100000;17:45:48:774738;
791;169206;0;3.000000;3.000000;0;0.030000;0.030000;0.000000;-1.649999;0.130000;17:45:49:018864;
792;169206;0;18.000000;32.900000;-59;0.030000;0.030000;0.000000;0.000000;0.000000;17:45:49:018884;
793;169206;0;19.000000;365.000000;-59;0.030000;0.030000;0.000000;0.000000;0.000000;17:45:49:018889;
794;169464;0;1.000000;10.000000;0;0.010000;0.100000;0.000000;-1.639999;0.230000;17:45:49:276243;
795;169723;0;1.000000;5.000000;0;0.010000;0.050000;0.000000;-1.629999;0.280000;17:45:49:536047;
796;169979;0;-5.000000;-1.000000;0;-0.050000;-0.010000;0.000000;-1.679999;0.270000;17:45:49:792121;
797;170232;0;0.000000;0.000000;0;0.000000;0.000000;0.000000;-1.679999;0.270000;17:45:50:045091;
798;170466;0;0.000000;0.000000;0;0.000000;0.000000;0.000000;-1.679999;0.270000;17:45:50:278855;
799;170720;0;0.000000;-6.000000;0;0.000000;-0.060000;0.000000;-1.679999;0.210000;17:45:50:532625;
800;170984;0;2.000000;-6.000000;0;0.020000;-0.060000;0.000000;-1.659999;0.150000;17:45:50:796350;
801;171222;0;0.000000;-5.000000;0;0.000000;-0.050000;0.000000;-1.659999;0.100000;17:45:51:034888;
802;171222;0;18.000000;33.000000;-59;0.000000;-0.050000;0.000000;0.000000;0.000000;17:45:51:034907;
803;171222;0;19.000000;355.000000;-59;0.000000;-0.050000;0.000000;0.000000;0.000000;17:45:51:034913;
804;171491;0;3.000000;-1.000000;0;0.030000;-0.010000;0.000000;-1.629999;0.090000;17:45:51:303550;
805;171744;0;3.000000;-1.000000;0;0.030000;-0.010000;0.000000;-1.599999;0.080000;17:45:51:556830;
806;171995;0;2.000000;-3.000000;0;0.020000;-0.030000;0.000000;-1.579999;0.050000;17:45:51:807953;
807;172238;0;0.000000;0.000000;0;0.000000;0.000000;0.000000;-1.579999;0.050000;17:45:52:051018;
808;172483;0;0.000000;0.000000;0;0.000000;0.000000;0.000000;-1.579999;0.050000;17:45:52:295676;
809;172749;0;-1.000000;1.000000;0;-0.010000;0.010000;0.000000;-1.589999;0.060000;17:45:52:561959;
810;173003;0;0.000000;1.000000;0;0.000000;0.010000;0.000000;-1.589999;0.070000;17:45:52:815876;
811;173256;0;0.000000;0.000000;0;0.000000;0.000000;0.000000;-1.589999;0.070000;17:45:53:068341;
812;173256;0;18.000000;32.900000;-59;0.000000;0.000000;0.000000;0.000000;0.000000;17:45:53:068362;
813;173256;0;19.000000;362.000000;-59;0.000000;0.000000;0.000000;0.000000;0.000000;17:45:53:068369;
814;173498;0;0.000000;-3.000000;0;0.000000;-0.030000;0.000000;-1.589999;0.040000;17:45:53:310643;
815;173742;0;5.000000;0.000000;0;0.050000;0.000000;0.000000;-1.539999;0.040000;17:45:53:554358;
816;174007;0;2.000000;0.000000;0;0.020000;0.000000;0.000000;-1.519999;0.040000;17:45:53:819854;
817;174248;0;0.000000;-1.000000;0;0.000000;-0.010000;0.000000;-1.519999;0.030000;17:45:54:060730;
818;174502;0;0.000000;-3.000000;0;0.000000;-0.030000;0.000000;-1.519999;0.000000;17:45:54:314978;
819;174769;0;-1.000000;0.000000;0;-0.010000;0.000000;0.000000;-1.529999;0.000000;17:45:54:581581;
820;175010;0;0.000000;0.000000;0;0.000000;0.000000;0.000000;-1.529999;0.000000;17:45:54:822727;
821;175270;0;2.000000;1.000000;0;0.020000;0.010000;0.000000;-1.509999;0.010000;17:45:55:082381;
822;175270;0;18.000000;33.000000;-59;0.020000;0.010000;0.000000;0.000000;0.000000;17:45:55:082403;
823;175508;0;0.000000;-1.000000;0;0.000000;-0.010000;0.000000;-1.509999;0.000000;17:45:55:320875;
824;175774;0;0.000000;-6.000000;0;0.000000;-0.060000;0.000000;-1.509999;-0.060000;17:45:55:586508;
825;176038;0;0.000000;0.000000;0;0.000000;0.000000;0.000000;-1.509999;-0.060000;17:45:55:850451;
826;176281;0;0.000000;-3.000000;0;0.000000;-0.030000;0.000000;-1.509999;-0.090000;17:45:56:093778;
827;176512;0;3.000000;-3.000000;0;0.030000;-0.030000;0.000000;-1.479999;-0.120000;17:45:56:324249;
828;176782;0;0.000000;3.000000;0;0.000000;0.030000;0.000000;-1.479999;-0.090000;17:45:56:594749;
829;177039;0;0.000000;1.000000;0;0.000000;0.010000;0.000000;-1.479999;-0.080000;17:45:56:851899;
830;177284;0;0.000000;-1.000000;0;0.000000;-0.010000;0.000000;-1.479999;-0.090000;17:45:57:096616;
831;177284;0;18.000000;32.900000;-59;0.000000;-0.010000;0.000000;0.000000;0.000000;17:45:57:096637;
832;177284;0;19.000000;360.000000;-59;0.000000;-0.010000;0.000000;0.000000;0.000000;17:45:57:096642;
833;177537;0;2.000000;-1.000000;0;0.020000;-0.010000;0.000000;-1.459999;-0.100000;17:45:57:349087;
834;177787;0;3.000000;3.000000;0;0.030000;0.030000;0.000000;-1.429999;-0.070000;17:45:57:599108;
835;178035;0;2.000000;3.000000;0;0.020000;0.030000;0.000000;-1.409999;-0.040000;17:45:57:847717;
836;178282;0;3.000000;1.000000;0;0.030000;0.010000;0.000000;-1.379999;-0.030000;17:45:58:094275;
837;178530;0;0.000000;0.000000;0;0.000000;0.000000;0.000000;-1.379999;-0.030000;17:45:58:342680;
838;178794;0;-3.000000;1.000000;0;-0.030000;0.010000;0.000000;-1.409999;-0.020000;17:45:58:606705;
839;179038;0;-1.000000;3.000000;0;-0.010000;0.030000;0.000000;-1.419999;0.010000;17:45:58:850762;
840;179308;0;0.000000;0.000000;0;0.000000;0.000000;0.000000;-1.419999;0.010000;17:45:59:120861;
841;179308;0;18.000000;33.000000;-59;0.000000;0.000000;0.000000;0.000000;0.000000;17:45:59:120881;
842;179308;0;19.000000;364.000000;-59;0.000000;0.000000;0.000000;0.000000;0.000000;17:45:59:120887;
843;179535;0;-1.000000;0.000000;0;-0.010000;0.000000;0.000000;-1.429999;0.010000;17:45:59:347178;
844;179789;0;0.000000;5.000000;0;0.000000;0.050000;0.000000;-1.429999;0.060000;17:45:59:601282;
845;180071;0;0.000000;1.000000;0;0.000000;0.010000;0.000000;-1.429999;0.070000;17:45:59:883511;
846;180294;0;-2.000000;1.000000;0;-0.020000;0.010000;0.000000;-1.449999;0.080000;17:46:00:106706;
847;180548;0;1.000000;5.000000;0;0.010000;0.050000;0.000000;-1.439999;0.130000;17:46:00:360751;
848;180804;0;1.000000;-1.000000;0;0.010000;-0.010000;0.000000;-1.429999;0.120000;17:46:00:616274;
849;181056;0;0.000000;5.000000;0;0.000000;0.050000;0.000000;-1.429999;0.170000;17:46:00:868726;
850;181314;0;-1.000000;1.000000;0;-0.010000;0.010000;0.000000;-1.439999;0.180000;17:46:01:126711;
851;181551;0;0.000000;1.000000;0;0.000000;0.010000;0.000000;-1.439999;0.190000;17:46:01:363734;
852;181823;0;-4.000000;3.000000;0;-0.040000;0.030000;0.000000;-1.479999;0.220000;17:46:01:635087;
853;182079;0;-4.000000;5.000000;0;-0.040000;0.050000;0.000000;-1.519999;0.270000;17:46:01:891225;
854;182338;0;-2.000000;5.000000;0;-0.020000;0.050000;0.000000;-1.539999;0.320000;17:46:02:150483;
855;182576;0;0.000000;5.000000;0;0.000000;0.050000;0.000000;-1.539999;0.370000;17:46:02:388388;
856;182816;0;0.000000;3.000000;0;0.000000;0.030000;0.000000;-1.539999;0.400000;17:46:02:628397;
857;183080;0;-3.000000;6.000000;0;-0.030000;0.060000;0.000000;-1.569999;0.460000;17:46:02:892271;
858;183324;0;1.000000;0.000000;0;0.010000;0.000000;0.000000;-1.559999;0.460000;17:46:03:136714;
859;183324;0;18.000000;32.900000;-59;0.010000;0.000000;0.000000;0.000000;0.000000;17:46:03:136735;
860;183324;0;19.000000;368.000000;-59;0.010000;0.000000;0.000000;0.000000;0.000000;17:46:03:136740;
861;183593;0;3.000000;-5.000000;0;0.030000;-0.050000;0.000000;-1.529999;0.410000;17:46:03:405011;
862;183838;0;4.000000;-5.000000;0;0.040000;-0.050000;0.000000;-1.489999;0.360000;17:46:03:650187;
863;184074;0;1.000000;-1.000000;0;0.010000;-0.010000;0.000000;-1.479999;0.350000;17:46:03:886771;
864;184345;0;0.000000;1.000000;0;0.000000;0.010000;0.000000;-1.479999;0.360000;17:46:04:157525;
865;184604;0;0.000000;3.000000;0;0.000000;0.030000;0.000000;-1.479999;0.390000;17:46:04:416640;
866;184854;0;0.000000;8.000000;0;0.000000;0.080000;0.000000;-1.479999;0.470000;17:46:04:666383;
867;185091;0;5.000000;8.000000;0;0.050000;0.080000;0.000000;-1.429999;0.550000;17:46:04:903673;
868;185351;0;2.000000;1.000000;0;0.020000;0.010000;0.000000;-1.409999;0.560000;17:46:05:163173;
869;185351;0;18.000000;33.000000;-59;0.020000;0.010000;0.000000;0.000000;0.000000;17:46:05:163967;
870;185351;0;19.000000;362.000000;-59;0.020000;0.010000;0.000000;0.000000;0.000000;17:46:05:163973;
871;185594;0;-1.000000;0.000000;0;-0.010000;0.000000;0.000000;-1.419999;0.560000;17:46:05:406453;
872;185858;0;-1.000000;0.000000;0;-0.010000;0.000000;0.000000;-1.429999;0.560000;17:46:05:670305;
873;186104;0;0.000000;0.000000;0;0.000000;0.000000;0.000000;-1.429999;0.560000;17:46:05:915974;
874;186362;0;0.000000;1.000000;0;0.000000;0.010000;0.000000;-1.429999;0.570000;17:46:06:174471;
875;186597;0;0.000000;1.000000;0;0.000000;0.010000;0.000000;-1.429999;0.580000;17:46:06:408917;
876;186861;0;0.000000;0.000000;0;0.000000;0.000000;0.000000;-1.429999;0.580000;17:46:06:673501;
877;187105;0;-1.000000;0.000000;0;-0.010000;0.000000;0.000000;-1.439999;0.580000;17:46:06:916892;
878;187357;0;0.000000;-6.000000;0;0.000000;-0.060000;0.000000;-1.439999;0.520000;17:46:07:169389;
879;187357;0;19.000000;361.000000;-59;0.000000;-0.060000;0.000000;0.000000;0.000000;17:46:07:169410;
880;187626;0;0.000000;1.000000;0;0.000000;0.010000;0.000000;-1.439999;0.530000;17:46:07:438587;
881;187878;0;0.000000;1.000000;0;0.000000;0.010000;0.000000;-1.439999;0.540000;17:46:07:689786;
882;188117;0;-1.000000;-1.000000;0;-0.010000;-0.010000;0.000000;-1.449999;0.530000;17:46:07:929064;
883;188378;0;0.000000;-1.000000;0;0.000000;-0.010000;0.000000;-1.449999;0.520000;17:46:08:190659;
884;188624;0;0.000000;3.000000;0;0.000000;0.030000;0.000000;-1.449999;0.550000;17:46:08:436185;
885;188861;0;-3.000000;0.000000;0;-0.030000;0.000000;0.000000;-1.479999;0.550000;17:46:08:673034;
886;189126;0;-2.000000;1.000000;0;-0.020000;0.010000;0.000000;-1.499999;0.560000;17:46:08:938493;
887;189369;0;0.000000;1.000000;0;0.000000;0.010000;0.000000;-1.499999;0.570000;17:46:09:181455;
888;189369;0;18.000000;32.900000;-59;0.000000;0.010000;0.000000;0.000000;0.000000;17:46:09:181476;
889;189369;0;19.000000;359.000000;-59;0.000000;0.010000;0.000000;0.000000;0.000000;17:46:09:181483;
890;189634;0;1.000000;1.000000;0;0.010000;0.010000;0.000000;-1.489999;0.580000;17:46:09:446386;
891;189895;0;1.000000;3.000000;0;0.010000;0.030000;0.000000;-1.479999;0.610000;17:46:09:707167;
892;190132;0;0.000000;3.000000;0;0.000000;0.030000;0.000000;-1.479999;0.640000;17:46:09:944451;
893;190371;0;0.000000;0.000000;0;0.000000;0.000000;0.000000;-1.479999;0.640000;17:46:10:182871;
894;190626;0;0.000000;5.000000;0;0.000000;0.050000;0.000000;-1.479999;0.690000;17:46:10:438216;
895;190891;0;0.000000;3.000000;0;0.000000;0.030000;0.000000;-1.479999;0.720000;17:46:10:702692;
896;191152;0;0.000000;-3.000000;0;0.000000;-0.030000;0.000000;-1.479999;0.690000;17:46:10:964209;
897;191411;0;0.000000;0.000000;0;0.000000;0.000000;0.000000;-1.479999;0.690000;17:46:11:222821;
898;191411;0;19.000000;363.000000;-59;0.000000;0.000000;0.000000;0.000000;0.000000;17:46:11:222841;
899;191629;0;-2.000000;0.000000;0;-0.020000;0.000000;0.000000;-1.499999;0.690000;17:46:11:440829;
900;191906;0;-1.000000;-1.000000;0;-0.010000;-0.010000;0.000000;-1.509999;0.680000;17:46:11:718263;
901;192155;0;0.000000;-5.000000;0;0.000000;-0.050000;0.000000;-1.509999;0.630000;17:46:11:966924;
902;192414;0;0.000000;-6.000000;0;0.000000;-0.060000;0.000000;-1.509999;0.570000;17:46:12:226539;
903;192665;0;0.000000;-10.000000;0;0.000000;-0.100000;0.000000;-1.509999;0.470000;17:46:12:477033;
904;192912;0;0.000000;-10.000000;0;0.000000;-0.100000;0.000000;-1.509999;0.370000;17:46:12:724543;
905;193156;0;0.000000;0.000000;0;0.000000;0.000000;0.000000;-1.509999;0.370000;17:46:12:968539;
906;193396;0;0.000000;-6.000000;0;0.000000;-0.060000;0.000000;-1.509999;0.310000;17:46:13:208278;
907;193396;0;18.000000;33.000000;-59;0.000000;-0.060000;0.000000;0.000000;0.000000;17:46:13:208298;
908;193396;0;19.000000;352.000000;-59;0.000000;-0.060000;0.000000;0.000000;0.000000;17:46:13:208304;
909;193673;0;1.000000;-5.000000;0;0.010000;-0.050000;0.000000;-1.499999;0.260000;17:46:13:484767;
910;193926;0;-1.000000;1.000000;0;-0.010000;0.010000;0.000000;-1.509999;0.270000;17:46:13:737758;
911;194162;0;0.000000;1.000000;0;0.000000;0.010000;0.000000;-1.509999;0.280000;17:46:13:974319;
912;194431;0;-3.000000;8.000000;0;-0.030000;0.080000;0.000000;-1.539999;0.360000;17:46:14:242969;
913;194669;0;-1.000000;8.000000;0;-0.010000;0.080000;0.000000;-1.549999;0.440000;17:46:14:480630;
914;194908;0;0.000000;1.000000;0;0.000000;0.010000;0.000000;-1.549999;0.450000;17:46:14:720249;
915;195171;0;0.000000;1.000000;0;0.000000;0.010000;0.000000;-1.549999;0.460000;17:46:14:983509;
916;195422;0;1.000000;1.000000;0;0.010000;0.010000;0.000000;-1.539999;0.470000;17:46:15:234067;
917;195422;0;18.000000;32.900000;-59;0.010000;0.010000;0.000000;0.000000;0.000000;17:46:15:234088;
918;195422;0;19.000000;367.000000;-59;0.010000;0.010000;0.000000;0.000000;0.000000;17:46:15:234095;
919;195680;0;-2.000000;-5.000000;0;-0.020000;-0.050000;0.000000;-1.559999;0.420000;17:46:15:491523;
920;195950;0;0.000000;0.000000;0;0.000000;0.000000;0.000000;-1.559999;0.420000;17:46:15:762162;
921;196180;0;0.000000;0.000000;0;0.000000;0.000000;0.000000;-1.559999;0.420000;17:46:15:992061;
922;196418;0;-1.000000;-1.000000;0;-0.010000;-0.010000;0.000000;-1.569999;0.410000;17:46:16:229910;
923;196696;0;1.000000;-3.000000;0;0.010000;-0.030000;0.000000;-1.559999;0.380000;17:46:16:508146;
924;196950;0;1.000000;-3.000000;0;0.010000;-0.030000;0.000000;-1.549999;0.350000;17:46:16:761596;
925;197205;0;-1.000000;1.000000;0;-0.010000;0.010000;0.000000;-1.559999;0.360000;17:46:17:016574;
926;197434;0;-3.000000;1.000000;0;-0.030000;0.010000;0.000000;-1.589999;0.370000;17:46:17:245839;
927;197434;0;18.000000;33.000000;-59;-0.030000;0.010000;0.000000;0.000000;0.000000;17:46:17:245860;
928;197434;0;19.000000;356.000000;-59;-0.030000;0.010000;0.000000;0.000000;0.000000;17:46:17:245868;
929;197688;0;1.000000;-1.000000;0;0.010000;-0.010000;0.000000;-1.579999;0.360000;17:46:17:500266;
930;197949;0;1.000000;-1.000000;0;0.010000;-0.010000;0.000000;-1.569999;0.350000;17:46:17:761236;
931;198199;0;1.000000;1.000000;0;0.010000;0.010000;0.000000;-1.559999;0.360000;17:46:18:011396;
932;198447;0;0.000000;5.000000;0;0.000000;0.050000;0.000000;-1.559999;0.410000;17:46:18:258977;
933;198712;0;0.000000;3.000000;0;0.000000;0.030000;0.000000;-1.559999;0.440000;17:46:18:524293;
934;198961;0;0.000000;3.000000;0;0.000000;0.030000;0.000000;-1.559999;0.470000;17:46:18:772988;
935;199196;0;-1.000000;3.000000;0;-0.010000;0.030000;0.000000;-1.569999;0.500000;17:46:19:007510;
936;199459;0;2.000000;-1.000000;0;0.020000;-0.010000;0.000000;-1.549999;0.490000;17:46:19:271042;
937;199459;0;18.000000;32.900000;-59;0.020000;-0.010000;0.000000;0.000000;0.000000;17:46:19:272265;
938;199459;0;19.000000;364.000000;-59;0.020000;-0.010000;0.000000;0.000000;0.000000;17:46:19:272273;
939;199697;0;1.000000;0.000000;0;0.010000;0.000000;0.000000;-1.539999;0.490000;17:46:19:508798;
940;199969;0;0.000000;3.000000;0;0.000000;0.030000;0.000000;-1.539999;0.520000;17:46:19:781145;
941;200224;0;-1.000000;3.000000;0;-0.010000;0.030000;0.000000;-1.549999;0.550000;17:46:20:035761;
942;200474;0;0.000000;0.000000;0;0.000000;0.000000;0.000000;-1.549999;0.550000;17:46:20:285855;
943;200712;0;1.000000;0.000000;0;0.010000;0.000000;0.000000;-1.539999;0.550000;17:46:20:523939;
944;200954;0;0.000000;1.000000;0;0.000000;0.010000;0.000000;-1.539999;0.560000;17:46:20:766268;
945;201228;0;0.000000;1.000000;0;0.000000;0.010000;0.000000;-1.539999;0.570000;17:46:21:040163;
946;201482;0;0.000000;-5.000000;0;0.000000;-0.050000;0.000000;-1.539999;0.520000;17:46:21:293736;
947;201482;0;19.000000;361.000000;-59;0.000000;-0.050000;0.000000;0.000000;0.000000;17:46:21:293758;
948;201719;0;0.000000;-5.000000;0;0.000000;-0.050000;0.000000;-1.539999;0.470000;17:46:21:530616;
949;201991;0;1.000000;0.000000;0;0.010000;0.000000;0.000000;-1.529999;0.470000;17:46:21:802809;
950;202237;0;1.000000;0.000000;0;0.010000;0.000000;0.000000;-1.519999;0.470000;17:46:22:048473;
951;202486;0;-1.000000;-1.000000;0;-0.010000;-0.010000;0.000000;-1.529999;0.460000;17:46:22:297370;
952;202747;0;4.000000;1.000000;0;0.040000;0.010000;0.000000;-1.489999;0.470000;17:46:22:559258;
953;202994;0;1.000000;5.000000;0;0.010000;0.050000;0.000000;-1.479999;0.520000;17:46:22:805488;
954;203240;0;-4.000000;3.000000;0;-0.040000;0.030000;0.000000;-1.519999;0.550000;17:46:23:051854;
955;203501;0;-2.000000;1.000000;0;-0.020000;0.010000;0.000000;-1.539999;0.560000;17:46:23:312609;
956;203501;0;19.000000;363.000000;-59;-0.020000;0.010000;0.000000;0.000000;0.000000;17:46:23:312644;
957;203743;0;0.000000;-3.000000;0;0.000000;-0.030000;0.000000;-1.539999;0.530000;17:46:23:555216;
958;203991;0;1.000000;1.000000;0;0.010000;0.010000;0.000000;-1.529999;0.540000;17:46:23:802835;
959;204251;0;-3.000000;0.000000;0;-0.030000;0.000000;0.000000;-1.559999;0.540000;17:46:24:062917;
960;204499;0;-3.000000;0.000000;0;-0.030000;0.000000;0.000000;-1.589999;0.540000;17:46:24:310909;
961;204753;0;-1.000000;0.000000;0;-0.010000;0.000000;0.000000;-1.599999;0.540000;17:46:24:564828;
962;205014;0;0.000000;0.000000;0;0.000000;0.000000;0.000000;-1.599999;0.540000;17:46:24:825475;
963;205248;0;2.000000;0.000000;0;0.020000;0.000000;0.000000;-1.579999;0.540000;17:46:25:059636;
964;205506;0;2.000000;-3.000000;0;0.020000;-0.030000;0.000000;-1.559999;0.510000;17:46:25:317816;
965;205506;0;18.000000;33.000000;-59;0.020000;-0.030000;0.000000;0.000000;0.000000;17:46:25:317839;
966;205506;0;19.000000;359.000000;-59;0.020000;-0.030000;0.000000;0.000000;0.000000;17:46:25:317845;
967;205749;0;0.000000;-5.000000;0;0.000000;-0.050000;0.000000;-1.559999;0.460000;17:46:25:560838;
968;206005;0;1.000000;0.000000;0;0.010000;0.000000;0.000000;-1.549999;0.460000;17:46:25:817121;
969;206271;0;1.000000;-6.000000;0;0.010000;-0.060000;0.000000;-1.539999;0.400000;17:46:26:083007;
970;206513;0;3.000000;0.000000;0;0.030000;0.000000;0.000000;-1.509999;0.400000;17:46:26:324959;
971;206775;0;4.000000;1.000000;0;0.040000;0.010000;0.000000;-1.469999;0.410000;17:46:26:587044;
972;207003;0;0.000000;-3.000000;0;0.000000;-0.030000;0.000000;-1.469999;0.380000;17:46:26:814875;
973;207276;0;0.000000;0.000000;0;0.000000;0.000000;0.000000;-1.469999;0.380000;17:46:27:088139;
974;207525;0;-1.000000;1.000000;0;-0.010000;0.010000;0.000000;-1.479999;0.390000;17:46:27:336604;
975;207525;0;18.000000;32.900000;-59;-0.010000;0.010000;0.000000;0.000000;0.000000;17:46:27:336624;
976;207766;0;0.000000;1.000000;0;0.000000;0.010000;0.000000;-1.479999;0.400000;17:46:27:577858;
977;208035;0;0.000000;0.000000;0;0.000000;0.000000;0.000000;-1.479999;0.400000;17:46:27:846603;
978;208273;0;-1.000000;0.000000;0;-0.010000;0.000000;0.000000;-1.489999;0.400000;17:46:28:084272;
979;208522;0;0.000000;-1.000000;0;0.000000;-0.010000;0.000000;-1.489999;0.390000;17:46:28:333838;
980;208769;0;1.000000;1.000000;0;0.010000;0.010000;0.000000;-1.479999;0.400000;17:46:28:581690;
981;209037;0;1.000000;5.000000;0;0.010000;0.050000;0.000000;-1.469999;0.450000;17:46:28:848817;
982;209281;0;1.000000;-3.000000;0;0.010000;-0.030000;0.000000;-1.459999;0.420000;17:46:29:092896;
983;209538;0;1.000000;-6.000000;0;0.010000;-0.060000;0.000000;-1.449999;0.360000;17:46:29:349766;
984;209538;0;19.000000;362.000000;-59;0.010000;-0.060000;0.000000;0.000000;0.000000;17:46:29:349785;
985;209773;0;-1.000000;-6.000000;0;-0.010000;-0.060000;0.000000;-1.459999;0.300000;17:46:29:584452;
986;210046;0;-1.000000;-5.000000;0;-0.010000;-0.050000;0.000000;-1.469999;0.250000;17:46:29:857756;
987;210281;0;0.000000;1.000000;0;0.000000;0.010000;0.000000;-1.469999;0.260000;17:46:30:092838;
988;210542;0;0.000000;-1.000000;0;0.000000;-0.010000;0.000000;-1.469999;0.250000;17:46:30:353873;
989;210801;0;-1.000000;0.000000;0;-0.010000;0.000000;0.000000;-1.479999;0.250000;17:46:30:612756;
990;211046;0;0.000000;0.000000;0;0.000000;0.000000;0.000000;-1.479999;0.250000;17:46:30:858116;
991;211304;0;0.000000;0.000000;0;0.000000;0.000000;0.000000;-1.479999;0.250000;17:46:31:115602;
992;211545;0;-1.000000;-5.000000;0;-0.010000;-0.050000;0.000000;-1.489999;0.200000;17:46:31:356809;
993;211545;0;19.000000;357.000000;-59;-0.010000;-0.050000;0.000000;0.000000;0.000000;17:46:31:356831;
994;211812;0;0.000000;1.000000;0;0.000000;0.010000;0.000000;-1.489999;0.210000;17:46:31:623796;
995;212065;0;0.000000;-1.000000;0;0.000000;-0.010000;0.000000;-1.489999;0.200000;17:46:31:876939;
996;212304;0;0.000000;1.000000;0;0.000000;0.010000;0.000000;-1.489999;0.210000;17:46:32:115307;
997;212567;0;-5.000000;-1.000000;0;-0.050000;-0.010000;0.000000;-1.539999;0.200000;17:46:32:378999;
998;212801;0;-4.000000;-1.000000;0;-0.040000;-0.010000;0.000000;-1.579999;0.190000;17:46:32:612779;
999;213062;0;0.000000;-1.000000;0;0.000000;-0.010000;0.000000;-1.579999;0.180000;17:46:32:873603;
1000;213325;0;-3.000000;-1.000000;0;-0.030000;-0.010000;0.000000;-1.609999;0.170000;17:46:33:136939;
1001;213570;0;-1.000000;-3.000000;0;-0.010000;-0.030000;0.000000;-1.619999;0.140000;17:46:33:381692;
1002;213570;0;19.000000;362.000000;-59;-0.010000;-0.030000;0.000000;0.000000;0.000000;17:46:33:381715;
1003;213829;0;-1.000000;-1.000000;0;-0.010000;-0.010000;0.000000;-1.629999;0.130000;17:46:33:640643;
1004;214090;0;-1.000000;3.000000;0;-0.010000;0.030000;0.000000;-1.639999;0.160000;17:46:33:902023;
1005;214323;0;2.000000;3.000000;0;0.020000;0.030000;0.000000;-1.619999;0.190000;17:46:34:134916;
1006;214562;0;4.000000;0.000000;0;0.040000;0.000000;0.000000;-1.579999;0.190000;17:46:34:373885;
1007;214825;0;2.000000;3.000000;0;0.020000;0.030000;0.000000;-1.559999;0.220000;17:46:34:639018;
1008;215079;0;0.000000;1.000000;0;0.000000;0.010000;0.000000;-1.559999;0.230000;17:46:34:890901;
1009;215348;0;0.000000;1.000000;0;0.000000;0.010000;0.000000;-1.559999;0.240000;17:46:35:159789;
1010;215599;0;0.000000;1.000000;0;0.000000;0.010000;0.000000;-1.559999;0.250000;17:46:35:410311;
1011;215599;0;19.000000;360.000000;-59;0.000000;0.010000;0.000000;0.000000;0.000000;17:46:35:410332;
1012;215833;0;0.000000;1.000000;0;0.000000;0.010000;0.000000;-1.559999;0.260000;17:46:35:644246;
1013;216074;0;-1.000000;3.000000;0;-0.010000;0.030000;0.000000;-1.569999;0.290000;17:46:35:885923;
1014;216349;0;1.000000;1.000000;0;0.010000;0.010000;0.000000;-1.559999;0.300000;17:46:36:160240;
1015;216607;0;0.000000;5.000000;0;0.000000;0.050000;0.000000;-1.559999;0.350000;17:46:36:418050;
1016;216848;0;-3.000000;-3.000000;0;-0.030000;-0.030000;0.000000;-1.589999;0.320000;17:46:36:659224;
1017;217098;0;-2.000000;1.000000;0;-0.020000;0.010000;0.000000;-1.609999;0.330000;17:46:36:909956;
1018;217347;0;2.000000;1.000000;0;0.020000;0.010000;0.000000;-1.589999;0.340000;17:46:37:158596;
1019;217602;0;4.000000;-3.000000;0;0.040000;-0.030000;0.000000;-1.549999;0.310000;17:46:37:413904;
1020;217602;0;19.000000;367.000000;-59;0.040000;-0.030000;0.000000;0.000000;0.000000;17:46:37:413926;
1021;217840;0;0.000000;1.000000;0;0.000000;0.010000;0.000000;-1.549999;0.320000;17:46:37:651928;
1022;218118;0;1.000000;-1.000000;0;0.010000;-0.010000;0.000000;-1.539999;0.310000;17:46:37:929341;
1023;218357;0;0.000000;0.000000;0;0.000000;0.000000;0.000000;-1.539999;0.310000;17:46:38:168438;
1024;218614;0;3.000000;-5.000000;0;0.030000;-0.050000;0.000000;-1.509999;0.260000;17:46:38:425416;
1025;218853;0;0.000000;-5.000000;0;0.000000;-0.050000;0.000000;-1.509999;0.210000;17:46:38:664115;
1026;219105;0;-1.000000;-1.000000;0;-0.010000;-0.010000;0.000000;-1.519999;0.200000;17:46:38:916512;
1027;219365;0;3.000000;-3.000000;0;0.030000;-0.030000;0.000000;-1.489999;0.170000;17:46:39:176363;
1028;219623;0;1.000000;0.000000;0;0.010000;0.000000;0.000000;-1.479999;0.170000;17:46:39:434363;
1029;219623;0;18.000000;33.000000;-59;0.010000;0.000000;0.000000;0.000000;0.000000;17:46:39:434384;
1030;219623;0;19.000000;355.000000;-59;0.010000;0.000000;0.000000;0.000000;0.000000;17:46:39:434392;
1031;219884;0;2.000000;8.000000;0;0.020000;0.080000;0.000000;-1.459999;0.250000;17:46:39:695455;
1032;220117;0;-1.000000;8.000000;0;-0.010000;0.080000;0.000000;-1.469999;0.330000;17:46:39:928539;
1033;220360;0;-2.000000;13.000000;0;-0.020000;0.130000;0.000000;-1.489999;0.460000;17:46:40:171389;
1034;220634;0;-3.000000;6.000000;0;-0.030000;0.060000;0.000000;-1.519999;0.520000;17:46:40:445338;
1035;220881;0;-5.000000;5.000000;0;-0.050000;0.050000;0.000000;-1.569999;0.570000;17:46:40:692605;
1036;221133;0;-2.000000;5.000000;0;-0.020000;0.050000;0.000000;-1.589999;0.620000;17:46:40:944519;
1037;221384;0;0.000000;5.000000;0;0.000000;0.050000;0.000000;-1.589999;0.670000;17:46:41:195704;
1038;221643;0;2.000000;-1.000000;0;0.020000;-0.010000;0.000000;-1.569999;0.660000;17:46:41:454228;
1039;221643;0;18.000000;32.900000;-59;0.020000;-0.010000;0.000000;0.000000;0.000000;17:46:41:454250;
1040;221643;0;19.000000;369.000000;-59;0.020000;-0.010000;0.000000;0.000000;0.000000;17:46:41:454255;
1041;221889;0;-1.000000;-5.000000;0;-0.010000;-0.050000;0.000000;-1.579999;0.610000;17:46:41:700159;
1042;222147;0;0.000000;-5.000000;0;0.000000;-0.050000;0.000000;-1.579999;0.560000;17:46:41:958011;
1043;222379;0;-2.000000;-5.000000;0;-0.020000;-0.050000;0.000000;-1.599999;0.510000;17:46:42:190765;
1044;222658;0;0.000000;-5.000000;0;0.000000;-0.050000;0.000000;-1.599999;0.460000;17:46:42:469310;
1045;222908;0;0.000000;-3.000000;0;0.000000;-0.030000;0.000000;-1.599999;0.430000;17:46:42:719109;
1046;223141;0;-4.000000;-3.000000;0;-0.040000;-0.030000;0.000000;-1.639999;0.400000;17:46:42:952209;
1047;223387;0;-5.000000;1.000000;0;-0.050000;0.010000;0.000000;-1.689999;0.410000;17:46:43:198365;
1048;223637;0;-1.000000;-5.000000;0;-0.010000;-0.050000;0.000000;-1.699999;0.360000;17:46:43:448256;
1049;223637;0;18.000000;33.000000;-59;-0.010000;-0.050000;0.000000;0.000000;0.000000;17:46:43:448282;
1050;223637;0;19.000000;354.000000;-59;-0.010000;-0.050000;0.000000;0.000000;0.000000;17:46:43:448290;
1051;223909;0;4.000000;0.000000;0;0.040000;0.000000;0.000000;-1.659999;0.360000;17:46:43:720508;
1052;224157;0;2.000000;3.000000;0;0.020000;0.030000;0.000000;-1.639999;0.390000;17:46:43:968358;
1053;224420;0;0.000000;3.000000;0;0.000000;0.030000;0.000000;-1.639999;0.420000;17:46:44:231522;
1054;224653;0;0.000000;-1.000000;0;0.000000;-0.010000;0.000000;-1.639999;0.410000;17:46:44:463996;
1055;224909;0;-1.000000;-1.000000;0;-0.010000;-0.010000;0.000000;-1.649999;0.400000;17:46:44:720250;
1056;225159;0;0.000000;-3.000000;0;0.000000;-0.030000;0.000000;-1.649999;0.370000;17:46:44:970265;
1057;225420;0;0.000000;3.000000;0;0.000000;0.030000;0.000000;-1.649999;0.400000;17:46:45:231260;
1058;225657;0;-1.000000;-1.000000;0;-0.010000;-0.010000;0.000000;-1.659999;0.390000;17:46:45:468129;
1059;225657;0;18.000000;32.900000;-59;-0.010000;-0.010000;0.000000;0.000000;0.000000;17:46:45:468166;
1060;225657;0;19.000000;362.000000;-59;-0.010000;-0.010000;0.000000;0.000000;0.000000;17:46:45:468172;
1061;225920;0;-4.000000;-6.000000;0;-0.040000;-0.060000;0.000000;-1.699999;0.330000;17:46:45:731339;
1062;226174;0;-3.000000;-6.000000;0;-0.030000;-0.060000;0.000000;-1.729999;0.270000;17:46:45:985415;
1063;226409;0;-1.000000;0.000000;0;-0.010000;0.000000;0.000000;-1.739999;0.270000;17:46:46:220173;
1064;226661;0;-1.000000;0.000000;0;-0.010000;0.000000;0.000000;-1.749999;0.270000;17:46:46:472167;
1065;226921;0;0.000000;3.000000;0;0.000000;0.030000;0.000000;-1.749999;0.300000;17:46:46:732386;
1066;227182;0;1.000000;-3.000000;0;0.010000;-0.030000;0.000000;-1.739999;0.270000;17:46:46:993656;
1067;227435;0;2.000000;3.000000;0;0.020000;0.030000;0.000000;-1.719999;0.300000;17:46:47:246429;
1068;227686;0;3.000000;-5.000000;0;0.030000;-0.050000;0.000000;-1.689999;0.250000;17:46:47:497481;
1069;227686;0;19.000000;360.000000;-59;0.030000;-0.050000;0.000000;0.000000;0.000000;17:46:47:497502;
1070;227932;0;0.000000;-3.000000;0;0.000000;-0.030000;0.000000;-1.689999;0.220000;17:46:47:743169;
1071;228185;0;-2.000000;-5.000000;0;-0.020000;-0.050000;0.000000;-1.709999;0.170000;17:46:47:996150;
1072;228437;0;0.000000;1.000000;0;0.000000;0.010000;0.000000;-1.709999;0.180000;17:46:48:248219;
1073;228705;0;-1.000000;0.000000;0;-0.010000;0.000000;0.000000;-1.719999;0.180000;17:46:48:516515;
1074;228959;0;3.000000;5.000000;0;0.030000;0.050000;0.000000;-1.689999;0.230000;17:46:48:769773;
1075;229201;0;0.000000;3.000000;0;0.000000;0.030000;0.000000;-1.689999;0.260000;17:46:49:012394;
1076;229444;0;-8.000000;3.000000;0;-0.080000;0.030000;0.000000;-1.769999;0.290000;17:46:49:255205;
1077;229702;0;-4.000000;0.000000;0;-0.040000;0.000000;0.000000;-1.809999;0.290000;17:46:49:513535;
1078;229702;0;19.000000;364.000000;-59;-0.040000;0.000000;0.000000;0.000000;0.000000;17:46:49:513558;
1079;229963;0;-1.000000;-1.000000;0;-0.010000;-0.010000;0.000000;-1.819999;0.280000;17:46:49:774113;
1080;230211;0;-1.000000;-1.000000;0;-0.010000;-0.010000;0.000000;-1.829999;0.270000;17:46:50:021896;
1081;230447;0;0.000000;-1.000000;0;0.000000;-0.010000;0.000000;-1.829999;0.260000;17:46:50:258167;
1082;230719;0;3.000000;-1.000000;0;0.030000;-0.010000;0.000000;-1.799999;0.250000;17:46:50:529886;
1083;230953;0;0.000000;-1.000000;0;0.000000;-0.010000;0.000000;-1.799999;0.240000;17:46:50:763789;
1084;231218;0;3.000000;-3.000000;0;0.030000;-0.030000;0.000000;-1.769999;0.210000;17:46:51:029623;
1085;231465;0;4.000000;-6.000000;0;0.040000;-0.060000;0.000000;-1.729999;0.150000;17:46:51:275842;
1086;231716;0;0.000000;-3.000000;0;0.000000;-0.030000;0.000000;-1.729999;0.120000;17:46:51:526753;
1087;231716;0;19.000000;358.000000;-59;0.000000;-0.030000;0.000000;0.000000;0.000000;17:46:51:526774;
1088;231981;0;-1.000000;0.000000;0;-0.010000;0.000000;0.000000;-1.739999;0.120000;17:46:51:792297;
1089;232226;0;0.000000;0.000000;0;0.000000;0.000000;0.000000;-1.739999;0.120000;17:46:52:037274;
1090;232469;0;1.000000;-1.000000;0;0.010000;-0.010000;0.000000;-1.729999;0.110000;17:46:52:279908;
1091;232711;0;1.000000;-11.000000;0;0.010000;-0.110000;0.000000;-1.719999;0.000000;17:46:52:522280;
1092;232978;0;1.000000;-3.000000;0;0.010000;-0.030000;0.000000;-1.709999;-0.030000;17:46:52:788829;
1093;233234;0;-2.000000;-5.000000;0;-0.020000;-0.050000;0.000000;-1.729999;-0.080000;17:46:53:044755;
1094;233483;0;-1.000000;3.000000;0;-0.010000;0.030000;0.000000;-1.739999;-0.050000;17:46:53:294434;
1095;233744;0;0.000000;5.000000;0;0.000000;0.050000;0.000000;-1.739999;0.000000;17:46:53:554627;
1096;233744;0;19.000000;359.000000;-59;0.000000;0.050000;0.000000;0.000000;0.000000;17:46:53:554649;
1097;233977;0;3.000000;5.000000;0;0.030000;0.050000;0.000000;-1.709999;0.050000;17:46:53:788027;
1098;234237;0;1.000000;3.000000;0;0.010000;0.030000;0.000000;-1.699999;0.080000;17:46:54:048145;
1099;234485;0;-4.000000;3.000000;0;-0.040000;0.030000;0.000000;-1.739999;0.110000;17:46:54:296248;
1100;234746;0;-1.000000;-3.000000;0;-0.010000;-0.030000;0.000000;-1.749999;0.080000;17:46:54:557296;
1101;234994;0;0.000000;-1.000000;0;0.000000;-0.010000;0.000000;-1.749999;0.070000;17:46:54:804612;
1102;235242;0;0.000000;1.000000;0;0.000000;0.010000;0.000000;-1.749999;0.080000;17:46:55:052948;
1103;235480;0;-5.000000;1.000000;0;-0.050000;0.010000;0.000000;-1.799999;0.090000;17:46:55:291314;
1104;235746;0;-3.000000;-5.000000;0;-0.030000;-0.050000;0.000000;-1.829999;0.040000;17:46:55:557407;
1105;235746;0;19.000000;361.000000;-59;-0.030000;-0.050000;0.000000;0.000000;0.000000;17:46:55:557431;
1106;235988;0;-2.000000;-5.000000;0;-0.020000;-0.050000;0.000000;-1.849999;-0.010000;17:46:55:799341;
1107;236257;0;0.000000;0.000000;0;0.000000;0.000000;0.000000;-1.849999;-0.010000;17:46:56:068194;
1108;236495;0;2.000000;0.000000;0;0.020000;0.000000;0.000000;-1.829999;-0.010000;17:46:56:306092;
1109;236762;0;-1.000000;0.000000;0;-0.010000;0.000000;0.000000;-1.839999;-0.010000;17:46:56:573329;
1110;236995;0;0.000000;0.000000;0;0.000000;0.000000;0.000000;-1.839999;-0.010000;17:46:56:806127;
1111;237246;0;0.000000;1.000000;0;0.000000;0.010000;0.000000;-1.839999;0.000000;17:46:57:057051;
1112;237511;0;2.000000;0.000000;0;0.020000;0.000000;0.000000;-1.819999;0.000000;17:46:57:321819;
1113;237765;0;0.000000;-1.000000;0;0.000000;-0.010000;0.000000;-1.819999;-0.010000;17:46:57:576181;
1114;237765;0;18.000000;33.000000;-59;0.000000;-0.010000;0.000000;0.000000;0.000000;17:46:57:576200;
1115;237765;0;19.000000;359.000000;-59;0.000000;-0.010000;0.000000;0.000000;0.000000;17:46:57:576205;
1116;238029;0;-3.000000;-5.000000;0;-0.030000;-0.050000;0.000000;-1.849999;-0.060000;17:46:57:839739;
1117;238259;0;-2.000000;-5.000000;0;-0.020000;-0.050000;0.000000;-1.869999;-0.110000;17:46:58:070034;
1118;238510;0;0.000000;0.000000;0;0.000000;0.000000;0.000000;-1.869999;-0.110000;17:46:58:320522;
1119;238774;0;-3.000000;3.000000;0;-0.030000;0.030000;0.000000;-1.899999;-0.080000;17:46:58:584882;
1120;239026;0;-2.000000;-5.000000;0;-0.020000;-0.050000;0.000000;-1.919999;-0.130000;17:46:58:836794;
1121;239274;0;1.000000;5.000000;0;0.010000;0.050000;0.000000;-1.909999;-0.080000;17:46:59:085402;
1122;239533;0;0.000000;-3.000000;0;0.000000;-0.030000;0.000000;-1.909999;-0.110000;17:46:59:344087;
1123;239787;0;-2.000000;-1.000000;0;-0.020000;-0.010000;0.000000;-1.929999;-0.120000;17:46:59:598224;
1124;239787;0;18.000000;32.900000;-59;-0.020000;-0.010000;0.000000;0.000000;0.000000;17:46:59:598246;
1125;239787;0;19.000000;363.000000;-59;-0.020000;-0.010000;0.000000;0.000000;0.000000;17:46:59:598252;
1126;240038;0;-1.000000;-1.000000;0;-0.010000;-0.010000;0.000000;-1.939999;-0.130000;17:46:59:848511;
1127;240281;0;0.000000;-1.000000;0;0.000000;-0.010000;0.000000;-1.939999;-0.140000;17:47:00:092270;
1128;240523;0;0.000000;0.000000;0;0.000000;0.000000;0.000000;-1.939999;-0.140000;17:47:00:333968;
1129;240775;0;-1.000000;-1.000000;0;-0.010000;-0.010000;0.000000;-1.949999;-0.150000;17:47:00:585979;
1130;241047;0;-1.000000;1.000000;0;-0.010000;0.010000;0.000000;-1.959999;-0.140000;17:47:00:858350;
1131;241303;0;0.000000;3.000000;0;0.000000;0.030000;0.000000;-1.959999;-0.110000;17:47:01:113882;
1132;241529;0;2.000000;3.000000;0;0.020000;0.030000;0.000000;-1.939999;-0.080000;17:47:01:339649;
1133;241803;0;1.000000;1.000000;0;0.010000;0.010000;0.000000;-1.929999;-0.070000;17:47:01:613815;
1134;241803;0;19.000000;361.000000;-59;0.010000;0.010000;0.000000;0.000000;0.000000;17:47:01:613836;
1135;242044;0;-1.000000;3.000000;0;-0.010000;0.030000;0.000000;-1.939999;-0.040000;17:47:01:855180;
1136;242313;0;-2.000000;8.000000;0;-0.020000;0.080000;0.000000;-1.959999;0.040000;17:47:02:123847;
1137;242558;0;0.000000;8.000000;0;0.000000;0.080000;0.000000;-1.959999;0.120000;17:47:02:368719;
1138;242795;0;0.000000;1.000000;0;0.000000;0.010000;0.000000;-1.959999;0.130000;17:47:02:605992;
1139;243041;0;-1.000000;5.000000;0;-0.010000;0.050000;0.000000;-1.969999;0.180000;17:47:02:851988;
1140;243311;0;1.000000;-1.000000;0;0.010000;-0.010000;0.000000;-1.959999;0.170000;17:47:03:121358;
1141;243559;0;0.000000;-3.000000;0;0.000000;-0.030000;0.000000;-1.959999;0.140000;17:47:03:369825;
1142;243815;0;1.000000;5.000000;0;0.010000;0.050000;0.000000;-1.949999;0.190000;17:47:03:625849;
1143;243815;0;19.000000;366.000000;-59;0.010000;0.050000;0.000000;0.000000;0.000000;17:47:03:625872;
1144;244060;0;-1.000000;-3.000000;0;-0.010000;-0.030000;0.000000;-1.959999;0.160000;17:47:03:870837;
1145;244309;0;0.000000;-5.000000;0;0.000000;-0.050000;0.000000;-1.959999;0.110000;17:47:04:119885;
1146;244552;0;1.000000;-5.000000;0;0.010000;-0.050000;0.000000;-1.949999;0.060000;17:47:04:362959;
1147;244824;0;2.000000;-3.000000;0;0.020000;-0.030000;0.000000;-1.929999;0.030000;17:47:04:634516;
1148;245084;0;0.000000;-8.000000;0;0.000000;-0.080000;0.000000;-1.929999;-0.050000;17:47:04:894835;
1149;245325;0;-4.000000;1.000000;0;-0.040000;0.010000;0.000000;-1.969999;-0.040000;17:47:05:135573;
1150;245590;0;0.000000;-1.000000;0;0.000000;-0.010000;0.000000;-1.969999;-0.050000;17:47:05:400717;
1151;245835;0;0.000000;-1.000000;0;0.000000;-0.010000;0.000000;-1.969999;-0.060000;17:47:05:646239;
1152;245835;0;18.000000;33.000000;-59;0.000000;-0.010000;0.000000;0.000000;0.000000;17:47:05:646318;
1153;245835;0;19.000000;353.000000;-59;0.000000;-0.010000;0.000000;0.000000;0.000000;17:47:05:646326;
1154;246074;0;0.000000;0.000000;0;0.000000;0.000000;0.000000;-1.969999;-0.060000;17:47:05:884553;
1155;246317;0;0.000000;1.000000;0;0.000000;0.010000;0.000000;-1.969999;-0.050000;17:47:06:128098;
1156;246582;0;0.000000;8.000000;0;0.000000;0.080000;0.000000;-1.969999;0.030000;17:47:06:392676;
1157;246839;0;0.000000;3.000000;0;0.000000;0.030000;0.000000;-1.969999;0.060000;17:47:06:650118;
1158;247102;0;-3.000000;0.000000;0;-0.030000;0.000000;0.000000;-1.999999;0.060000;17:47:06:912739;
1159;247331;0;0.000000;0.000000;0;0.000000;0.000000;0.000000;-1.999999;0.060000;17:47:07:142062;
1160;247573;0;0.000000;0.000000;0;0.000000;0.000000;0.000000;-1.999999;0.060000;17:47:07:384055;
1161;247842;0;0.000000;-1.000000;0;0.000000;-0.010000;0.000000;-1.999999;0.050000;17:47:07:652927;
1162;247842;0;18.000000;32.900000;-59;0.000000;-0.010000;0.000000;0.000000;0.000000;17:47:07:652950;
1163;247842;0;19.000000;362.000000;-59;0.000000;-0.010000;0.000000;0.000000;0.000000;17:47:07:652958;
1164;248097;0;-3.000000;0.000000;0;-0.030000;0.000000;0.000000;-2.029999;0.050000;17:47:07:907449;
1165;248361;0;-2.000000;-6.000000;0;-0.020000;-0.060000;0.000000;-2.049999;-0.010000;17:47:08:171974;
1166;248591;0;-4.000000;-6.000000;0;-0.040000;-0.060000;0.000000;-2.089999;-0.070000;17:47:08:402091;
1167;248858;0;-3.000000;-1.000000;0;-0.030000;-0.010000;0.000000;-2.119999;-0.080000;17:47:08:668617;
1168;249097;0;0.000000;-1.000000;0;0.000000;-0.010000;0.000000;-2.119999;-0.090000;17:47:08:908015;
1169;249339;0;-5.000000;0.000000;0;-0.050000;0.000000;0.000000;-2.169999;-0.090000;17:47:09:150030;
1170;249600;0;0.000000;-1.000000;0;0.000000;-0.010000;0.000000;-2.169999;-0.100000;17:47:09:410671;
1171;249854;0;0.000000;1.000000;0;0.000000;0.010000;0.000000;-2.169999;-0.090000;17:47:09:664623;
1172;249854;0;19.000000;355.000000;-59;0.000000;0.010000;0.000000;0.000000;0.000000;17:47:09:664648;
1173;250121;0;-1.000000;0.000000;0;-0.010000;0.000000;0.000000;-2.179999;-0.090000;17:47:09:931345;
1174;250380;0;3.000000;1.000000;0;0.030000;0.010000;0.000000;-2.149999;-0.080000;17:47:10:190744;
1175;250622;0;2.000000;1.000000;0;0.020000;0.010000;0.000000;-2.129999;-0.070000;17:47:10:432189;
1176;250858;0;0.000000;1.000000;0;0.000000;0.010000;0.000000;-2.129999;-0.060000;17:47:10:668752;
1177;251112;0;-1.000000;-3.000000;0;-0.010000;-0.030000;0.000000;-2.139999;-0.090000;17:47:10:922929;
1178;251376;0;-2.000000;-1.000000;0;-0.020000;-0.010000;0.000000;-2.159999;-0.100000;17:47:11:186705;
1179;251638;0;0.000000;3.000000;0;0.000000;0.030000;0.000000;-2.159999;-0.070000;17:47:11:448525;
1180;251884;0;0.000000;3.000000;0;0.000000;0.030000;0.000000;-2.159999;-0.040000;17:47:11:694488;
1181;251884;0;19.000000;361.000000;-59;0.000000;0.030000;0.000000;0.000000;0.000000;17:47:11:694519;
1182;252118;0;0.000000;5.000000;0;0.000000;0.050000;0.000000;-2.159999;0.010000;17:47:11:928428;
1183;252365;0;2.000000;5.000000;0;0.020000;0.050000;0.000000;-2.139999;0.060000;17:47:12:175736;
1184;252642;0;2.000000;-1.000000;0;0.020000;-0.010000;0.000000;-2.119999;0.050000;17:47:12:452341;
1185;252891;0;2.000000;-1.000000;0;0.020000;-0.010000;0.000000;-2.099999;0.040000;17:47:12:701115;
1186;253144;0;0.000000;-5.000000;0;0.000000;-0.050000;0.000000;-2.099999;-0.010000;17:47:12:954707;
1187;253383;0;-1.000000;-5.000000;0;-0.010000;-0.050000;0.000000;-2.109999;-0.060000;17:47:13:193445;
1188;253634;0;-2.000000;0.000000;0;-0.020000;0.000000;0.000000;-2.129999;-0.060000;17:47:13:444373;
1189;253892;0;-1.000000;1.000000;0;-0.010000;0.010000;0.000000;-2.139999;-0.050000;17:47:13:702431;
1190;253892;0;18.000000;33.000000;-59;-0.010000;0.010000;0.000000;0.000000;0.000000;17:47:13:702452;
1191;254149;0;0.000000;0.000000;0;0.000000;0.000000;0.000000;-2.139999;-0.050000;17:47:13:959964;
1192;254410;0;0.000000;1.000000;0;0.000000;0.010000;0.000000;-2.139999;-0.040000;17:47:14:220863;
1193;254644;0;0.000000;6.000000;0;0.000000;0.060000;0.000000;-2.139999;0.020000;17:47:14:454600;
1194;254906;0;2.000000;5.000000;0;0.020000;0.050000;0.000000;-2.119999;0.070000;17:47:14:716281;
1195;255139;0;0.000000;5.000000;0;0.000000;0.050000;0.000000;-2.119999;0.120000;17:47:14:949901;
1196;255395;0;-2.000000;5.000000;0;-0.020000;0.050000;0.000000;-2.139999;0.170000;17:47:15:205407;
1197;255661;0;-1.000000;5.000000;0;-0.010000;0.050000;0.000000;-2.149999;0.220000;17:47:15:471842;
1198;255912;0;-1.000000;3.000000;0;-0.010000;0.030000;0.000000;-2.159999;0.250001;17:47:15:722633;
1199;255912;0;18.000000;32.900000;-59;-0.010000;0.030000;0.000000;0.000000;0.000000;17:47:15:722654;
1200;255912;0;19.000000;367.000000;-59;-0.010000;0.030000;0.000000;0.000000;0.000000;17:47:15:722660;
1201;256174;0;-1.000000;-5.000000;0;-0.010000;-0.050000;0.000000;-2.169999;0.200001;17:47:15:984418;
1202;256410;0;2.000000;-5.000000;0;0.020000;-0.050000;0.000000;-2.149999;0.150001;17:47:16:220514;
1203;256660;0;1.000000;-3.000000;0;0.010000;-0.030000;0.000000;-2.139999;0.120000;17:47:16:470462;
1204;256912;0;1.000000;5.000000;0;0.010000;0.050000;0.000000;-2.129999;0.170001;17:47:16:722082;
1205;257156;0;0.000000;-1.000000;0;0.000000;-0.010000;0.000000;-2.129999;0.160001;17:47:16:966486;
1206;257428;0;-3.000000;6.000000;0;-0.030000;0.060000;0.000000;-2.159999;0.220001;17:47:17:238335;
1207;257685;0;-3.000000;0.000000;0;-0.030000;0.000000;0.000000;-2.189999;0.220001;17:47:17:495675;
1208;257935;0;-3.000000;5.000000;0;-0.030000;0.050000;0.000000;-2.219999;0.270001;17:47:17:745296;
1209;257935;0;18.000000;33.000000;-59;-0.030000;0.050000;0.000000;0.000000;0.000000;17:47:17:745321;
1210;257935;0;19.000000;358.000000;-59;-0.030000;0.050000;0.000000;0.000000;0.000000;17:47:17:745327;
1211;258169;0;-1.000000;5.000000;0;-0.010000;0.050000;0.000000;-2.229999;0.320001;17:47:17:979164;
1212;258415;0;-1.000000;-1.000000;0;-0.010000;-0.010000;0.000000;-2.239999;0.310001;17:47:18:225825;
1213;258677;0;-4.000000;5.000000;0;-0.040000;0.050000;0.000000;-2.279999;0.360001;17:47:18:487571;
1214;258934;0;-5.000000;3.000000;0;-0.050000;0.030000;0.000000;-2.329999;0.390001;17:47:18:744334;
1215;259186;0;-2.000000;5.000000;0;-0.020000;0.050000;0.000000;-2.349999;0.440001;17:47:18:996454;
1216;259430;0;-2.000000;0.000000;0;-0.020000;0.000000;0.000000;-2.369999;0.440001;17:47:19:240728;
1217;259672;0;-1.000000;6.000000;0;-0.010000;0.060000;0.000000;-2.379999;0.500001;17:47:19:482421;
1218;259935;0;0.000000;3.000000;0;0.000000;0.030000;0.000000;-2.379999;0.530001;17:47:19:745280;
1219;259935;0;18.000000;32.900000;-59;0.000000;0.030000;0.000000;0.000000;0.000000;17:47:19:745301;
1220;259935;0;19.000000;365.000000;-59;0.000000;0.030000;0.000000;0.000000;0.000000;17:47:19:745307;
1221;260205;0;-1.000000;5.000000;0;-0.010000;0.050000;0.000000;-2.389999;0.580001;17:47:20:015389;
1222;260432;0;-2.000000;1.000000;0;-0.020000;0.010000;0.000000;-2.409999;0.590001;17:47:20:242191;
1223;260693;0;-5.000000;-1.000000;0;-0.050000;-0.010000;0.000000;-2.459999;0.580001;17:47:20:503128;
1224;260943;0;-2.000000;-1.000000;0;-0.020000;-0.010000;0.000000;-2.479999;0.570001;17:47:20:753815;
1225;261206;0;-2.000000;-5.000000;0;-0.020000;-0.050000;0.000000;-2.499999;0.520001;17:47:21:016452;
1226;261436;0;2.000000;-6.000000;0;0.020000;-0.060000;0.000000;-2.479999;0.460001;17:47:21:246227;
1227;261697;0;0.000000;-1.000000;0;0.000000;-0.010000;0.000000;-2.479999;0.450001;17:47:21:507290;
1228;261959;0;-2.000000;-6.000000;0;-0.020000;-0.060000;0.000000;-2.499999;0.390001;17:47:21:769015;
1229;261959;0;18.000000;33.000000;-59;-0.020000;-0.060000;0.000000;0.000000;0.000000;17:47:21:769038;
1230;261959;0;19.000000;355.000000;-59;-0.020000;-0.060000;0.000000;0.000000;0.000000;17:47:21:769043;
1231;262206;0;0.000000;-3.000000;0;0.000000;-0.030000;0.000000;-2.499999;0.360001;17:47:22:016221;
1232;262460;0;0.000000;-3.000000;0;0.000000;-0.030000;0.000000;-2.499999;0.330001;17:47:22:270529;
1233;262721;0;0.000000;-1.000000;0;0.000000;-0.010000;0.000000;-2.499999;0.320001;17:47:22:531343;
1234;262976;0;0.000000;0.000000;0;0.000000;0.000000;0.000000;-2.499999;0.320001;17:47:22:786425;
1235;263206;0;0.000000;0.000000;0;0.000000;0.000000;0.000000;-2.499999;0.320001;17:47:23:016131;
1236;263479;0;-2.000000;0.000000;0;-0.020000;0.000000;0.000000;-2.519999;0.320001;17:47:23:289143;
1237;263734;0;-1.000000;0.000000;0;-0.010000;0.000000;0.000000;-2.529999;0.320001;17:47:23:543964;
1238;263963;0;0.000000;0.000000;0;0.000000;0.000000;0.000000;-2.529999;0.320001;17:47:23:773131;
1239;263963;0;18.000000;32.900000;-59;0.000000;0.000000;0.000000;0.000000;0.000000;17:47:23:773151;
1240;263963;0;19.000000;357.000000;-59;0.000000;0.000000;0.000000;0.000000;0.000000;17:47:23:773157;
1241;264222;0;-2.000000;-3.000000;0;-0.020000;-0.030000;0.000000;-2.549999;0.290001;17:47:24:032128;
1242;264509;0;0.000000;0.000000;0;0.000000;0.000000;0.000000;-2.549999;0.290001;17:47:24:318898;
1243;264509;0;1.000000;33291.000000;-59;0.000000;0.000000;0.000000;0.000000;0.000000;17:47:24:320664;
1244;264690;0;0.000000;0.000000;0;0.000000;0.000000;0.000000;-2.549999;0.290001;17:47:24:500214;
1245;264690;0;1.000000;32777.000000;-59;0.000000;0.000000;0.000000;0.000000;0.000000;17:47:24:500236;
1246;264964;0;0.000000;0.000000;0;0.000000;0.000000;0.000000;-2.549999;0.290001;17:47:24:774162;
1247;265225;0;0.000000;0.000000;0;0.000000;0.000000;0.000000;-2.549999;0.290001;17:47:25:034872;
1248;265451;0;0.000000;0.000000;0;0.000000;0.000000;0.000000;-2.549999;0.290001;17:47:25:261654;
1249;265700;0;0.000000;0.000000;0;0.000000;0.000000;0.000000;-2.549999;0.290001;17:47:25:510728;
1250;265951;0;0.000000;0.000000;0;0.000000;0.000000;0.000000;-2.549999;0.290001;17:47:25:761152;
1251;266218;0;0.000000;0.000000;0;0.000000;0.000000;0.000000;-2.549999;0.290001;17:47:26:028148;
1252;266471;0;0.000000;0.000000;0;0.000000;0.000000;0.000000;-2.549999;0.290001;17:47:26:280886;
1253;266714;0;0.000000;0.000000;0;0.000000;0.000000;0.000000;-2.549999;0.290001;17:47:26:523971;
1254;266714;0;18.000000;33.000000;-59;0.000000;0.000000;0.000000;0.000000;0.000000;17:47:26:523993;
1255;266714;0;19.000000;347.000000;-59;0.000000;0.000000;0.000000;0.000000;0.000000;17:47:26:523999;
1256;266714;0;1.000000;32779.000000;-59;0.000000;0.000000;0.000000;0.000000;0.000000;17:47:26:524004;
